499.3688448049643, 447.288689489032
492.41006230826684, 444.42516386973307
484.77719216307327, 445.962832311422
498.18155509601644, 439.6919972976542
477.2909513269657, 442.8406529433703
487.1721375448095, 439.03008670637075
470.5521127938968, 445.0443044878105
490.731971326506, 437.59221434744757
464.1207886366093, 448.85487072481
467.2610994121912, 441.89564884209426
480.6328775328777, 435.7286824225598
472.4684762725851, 436.761262465291
493.86209964151635, 430.2195530400781
486.1070384054179, 431.21343666383393
459.50807456393727, 442.710307550091
449.8040655582427, 447.49439068245573
499.6397021141484, 425.172742083348
478.94053131485623, 428.62893204306
465.51580346076986, 434.1502810454709
445.70048129168225, 449.22554069763936
471.7842061635176, 428.9120255530526
452.0401622611283, 440.49850889718925
489.1658889750784, 423.2033050478024
457.88496970342095, 435.2113744036727
484.1642003207041, 423.2033050478024
494.9964406597616, 418.98540945680463
444.34008714627424, 441.69198416509516
460.62205013969094, 428.00164431652115
438.7905752313466, 446.1216910201722
474.0915816544502, 421.74099240625776
466.5747929152791, 424.29291067871173
480.49643120571204, 417.867289989043
488.30240526601705, 416.0607846950966
447.378572273443, 434.44966825100516
452.6185339460936, 429.8916525190732
467.3486698243436, 419.96299990640046
454.993113885338, 425.51489874070677
494.06575198103985, 411.9508312525628
437.8089737284182, 438.66145377134774
430.7504014498033, 446.9485693480979
473.46026075743373, 414.9019322919352
459.5671334608709, 420.3744022932479
491.0150474841063, 409.34188687054905
483.1194666238042, 410.4070532616001
446.4886139583561, 426.795949428686
440.8454219463937, 431.4130277866023
429.6608640922308, 440.04026350428654
462.758357582008, 413.2441020818529
496.70711593243044, 404.5170708027846
476.04256581189094, 407.57407747419643
423.5085427955055, 444.1828032951403
433.28993975278087, 432.4985603846625
449.0973936188388, 419.48642430153166
455.1417795822686, 414.9711785428058
468.2671391333006, 408.67183021356726
439.1693673524775, 424.5271251876062
426.94211271060794, 435.9934467633495
442.1630493403222, 421.33773608510865
489.858305156873, 401.6759484283007
482.07473292690446, 402.4946806905281
416.29112235938874, 444.7347341787718
461.35926946080957, 405.77775476237304
432.1413434982748, 424.8224388389095
448.82246405531436, 411.69828705308385
494.9333084657904, 396.79003269674547
426.1600897288165, 429.51283648054556
471.55407973931705, 400.8836929651195
419.09744415316396, 437.6879368759825
454.1581411701466, 407.69831279682046
410.8128887111595, 449.84875434856593
467.11650649094986, 401.7981472345002
441.12646171614927, 413.272614875942
434.96395743750395, 417.74916473707424
485.09081622373685, 394.96927074506397
477.0017660058316, 396.568038329162
412.6009514140604, 439.4475996852552
418.19119369262296, 430.488390413717
413.0510218018896, 435.83458805459946
456.4532972913145, 399.8898093413637
490.69938703559797, 390.5273437486762
426.8891629772082, 419.00577566381355
497.9901221262578, 389.4275550142622
470.0735308908489, 393.8246749996378
443.4195809281239, 405.820524735579
405.8498935112268, 444.03005465704547
421.34168745012516, 423.1605350745964
462.5323039334968, 395.0914695512634
448.7165645885146, 400.94886566175927
433.65040334061325, 410.32558739080037
483.66932627220206, 387.7534311086385
475.7554168786015, 388.86136695151384
404.9986291719302, 436.6655399367559
437.1552510010653, 403.8999667011316
413.6497584079981, 424.7043135869409
426.2720978378012, 411.6270042857888
419.93445325619973, 416.4782971525995
396.5898457298278, 448.834504517801
489.3349201145008, 383.35834711830574
455.41874605498634, 392.20757772495534
493.31427638096307, 382.8023426804434
399.4735554751836, 441.85695242311897
407.542240250597, 429.38452760369063
442.3463357160052, 398.02831393290046
465.42416027292836, 387.3583218959507
415.7616276321341, 417.55975671781044
448.1178285037548, 393.5232512776791
435.08411214056434, 400.3460182178417
429.02547041952516, 404.19731686885956
478.4293651209002, 381.8553020627428
423.13993313494615, 408.8632747492556
470.73743607877316, 383.4174102656717
498.9595047807701, 378.6720230309005
458.49388877010085, 385.78195703528655
397.9889333296775, 435.0912121138979
400.14560621448635, 431.4843105538974
445.1384022735196, 390.63324990209725
406.2185036931348, 421.6452698777227
484.19474822376736, 377.09158513738697
391.5820473905708, 442.93637547190536
450.70013355821203, 386.2992655755551
491.9722107688536, 375.6251994629932
415.26064442009834, 409.9895408040971
437.42203501321154, 392.2727504215951
463.8173470365173, 380.1628484665343
409.47489587473916, 414.46201658961706
456.62232843073684, 381.9225112758071
422.06057823794526, 401.22584962247805
427.6426749651294, 396.8083629087117
469.5257076302955, 376.30136619063035
476.74516445425706, 374.42968767866273
399.15993141452003, 423.5108383190349
497.4422988657046, 371.36657093659545
390.26238360879773, 435.26839999185097
393.3762197783542, 427.99553476724736
486.3982606357451, 370.3910175248057
401.4713796811418, 416.3601719006307
443.55806416448274, 382.9978607703626
414.0407698988937, 402.5924397354877
408.31204386262357, 407.71053293813117
381.58274285751116, 446.84266371605844
490.55479411435664, 368.8920455020919
430.4265949285682, 389.529387092071
384.6314109666003, 439.73476674947864
449.24605983711797, 378.84106484315527
466.64199788493966, 372.5722658244305
458.9439591579302, 374.3869182268383
436.0779330132575, 384.3339010514771
479.82437994506074, 367.58655453149106
416.8674571351607, 395.5436048735107
472.09783022418117, 368.49897228444735
422.3864211470249, 390.79210808946584
391.8712327117048, 421.0098360854853
400.6852834023125, 408.78180887845593
385.1934894634142, 429.162533236107
394.5574003237682, 413.8937925318256
451.9627748308962, 371.4765501228658
438.77631947373726, 377.1750880459929
485.35352693884516, 362.85135092160607
376.733793197105, 441.6227379142246
492.9477031082484, 361.6151067232573
409.2977191839386, 396.81447245798546
403.2838806022237, 401.5720793126858
379.1511404091777, 434.0301187556962
424.48403513490024, 384.0243307424384
464.9720529759059, 365.45011220011526
444.3075028553663, 372.729088016756
457.6141129155855, 366.6171111903566
430.4734349770856, 378.79218532067546
384.15893874843465, 422.56990777198973
420.8162660199083, 384.358340812717
415.5539030382701, 388.2116765015411
477.5394068058132, 360.3116527904627
370.7688315731008, 445.8895130277023
470.8636999453673, 360.80248453168537
386.85528829972094, 415.27056574833995
374.9416571971663, 434.4354115932697
498.9472859323539, 356.7434476494375
392.8772729541629, 406.7451621084643
395.4371761782837, 403.61076259910203
378.0229090758147, 426.7776197381014
488.2107620781756, 355.4135169175968
407.89863106274, 389.31757582799185
437.0900824192494, 370.00201786139183
446.537490394718, 365.3462436058818
401.96421682045064, 393.92447108240356
369.29642879735934, 438.2968938691738
423.67350063789, 376.00808905575155
460.28806115788416, 359.21797308394093
442.317824722135, 365.58860418047465
429.65679131654156, 371.2973252071065
452.1297695824739, 360.7923009067992
385.66188890589063, 407.4702083585813
481.48414239352303, 352.7679131544139
376.8458018274384, 419.6900889785307
362.6410873794051, 447.516793927271
465.6909437637259, 355.5968153875869
494.55247943546624, 351.1161924936055
473.52950211493885, 353.4216766372359
410.54610469901326, 381.8491919920874
370.81974439730715, 428.0708905673915
416.50088386244596, 377.18934418234664
394.64293382672736, 395.0140767133128
379.7132194273403, 412.2848413228415
373.2554201426786, 421.2868200462042
388.2991800815922, 399.9896049027477
466.8456497031145, 351.5337049511083
445.68215275838367, 358.11411079529654
361.1747942885462, 440.9058382511877
487.3981911933207, 347.8901440099388
431.9600935104364, 364.15276833797617
364.4393330642263, 432.84886415048254
402.9091612567819, 382.94898124788284
494.36715615058995, 346.83516072239223
397.17432605697803, 387.6210491989344
459.01320051543524, 351.8167989824825
419.30313288053196, 369.71281428074377
438.02688078285377, 359.5071771859707
451.317198697619, 353.7780899523297
424.2885293894525, 365.44196561303534
372.3389867002173, 413.53330566250094
480.10949249050554, 345.2811991065434
409.35066839598966, 374.0875310213042
355.83708026452047, 444.3742478308286
358.7818852946546, 437.09730905199416
472.7108220665503, 346.29137590445924
380.4035986999416, 401.14234723525374
387.39700239674045, 392.3399596346594
375.5118822880559, 405.88569743221876
363.16854571881515, 425.17681563757895
366.08687614292364, 418.04040535552843
482.53905855099435, 342.4197105250506
444.7697926129604, 351.4176162155642
440.8189473403682, 352.8412319167522
490.35317920537506, 340.8942622246723
390.60655505117614, 385.7473341705421
350.5441693798188, 449.583990529158
401.83184326897407, 375.6313095336485
357.7941741068436, 430.55356311035666
396.21716277223055, 379.755519112536
430.56507816492706, 356.6395785338226
461.9274581638546, 344.4848706105129
412.08163914737725, 366.519352145397
454.4025233519565, 346.1080779558508
417.59653038355236, 362.39717908293414
380.03906233642005, 393.76357585722894
368.0724815004657, 407.86531809265057
423.7508885894708, 357.51737290065273
348.8131286646582, 445.49644033143943
350.81298977980964, 438.61868431952325
388.93050045725994, 382.3074379063717
374.3673593305876, 398.1444031898261
365.070653439894, 410.8652986545028
475.6087875695156, 338.7761495838811
468.02886663637327, 340.1081168321463
398.8524170387388, 372.521349785526
404.34694335377065, 368.06924020701535
496.1348544536963, 335.9411372800527
369.0724120580414, 403.19732369582994
358.46418845830175, 419.35607890825213
382.8026173787157, 386.3583282015396
433.8927491345785, 349.7414557935156
377.1451696091439, 390.9754065594558
447.31136730378245, 343.44007042647104
439.3913482252996, 345.4441308481427
349.9108120949579, 430.86516993582
481.42508349658954, 333.9818833480116
488.90521464781466, 333.1427843573936
352.6499294404212, 424.2847640916317
391.15030553604015, 374.1771440005653
425.7283473529371, 350.5662976050168
460.8440304911644, 337.2629209034319
410.08177855357457, 358.8513766653425
366.40457297927645, 399.86333254231744
453.20912395812627, 338.37085674630737
417.08332780175175, 353.51536212796464
357.06510085845207, 411.578124763309
471.08160752115145, 332.5582671254422
397.2333849539116, 365.3686463293156
440.56845547367595, 340.80872332102336
341.2657925437725, 442.5738520861561
343.8766085920997, 435.56982423519133
466.8151018000511, 332.90449681564996
369.0601926882766, 392.38069257005924
381.3342879000122, 378.75756245593107
402.9030515718995, 360.3483121716318
359.75330485836014, 404.32358922928984
375.96602597292303, 383.5945986650064
495.09826630817486, 328.2914920119644
351.2447316343403, 416.57198316470993
432.6219617891673, 342.27103544118665
446.0385435705268, 336.00427346026794
345.08426426488825, 425.02406699948415
419.1789048804339, 347.06937523128676
476.7023977027774, 327.941188767526
484.895310478289, 326.65810104174045
389.5475655966668, 366.72912637166996
425.06444268636153, 343.24455233655186
335.45764268942565, 447.42310791516064
383.7149775241391, 371.5111729876102
455.92991224894223, 331.37293844461635
405.3977867355529, 352.72921673543885
359.0547789916831, 397.07923679877524
411.810782359542, 347.98993957132296
352.0084260828332, 406.34801585797067
368.1132118641006, 384.45609985767663
336.1480224833756, 437.1095286719234
353.8025984706165, 402.24213596966763
462.2533010729344, 326.7843734021708
469.81285656358494, 324.9595378962583
338.514456349893, 429.5169095133948
490.2676451810673, 322.2609810563649
392.44349419043897, 359.49699408246613
435.3977362012279, 334.71914921805774
362.1034465794235, 389.4458847048469
398.2638634145506, 354.85343944688526
343.6118614891468, 417.5841964790503
376.6543688576797, 372.6496586623809
422.3151434016752, 339.8372424207013
497.81294543545715, 321.1306419686742
346.67274844665195, 410.5760950738547
448.92021692803814, 328.4747904819544
370.67107870037677, 377.2748836073772
428.15384063773683, 335.8413417186686
441.23439704944485, 329.8739664219024
414.3890141169613, 341.63356513252467
483.73245846617345, 319.71517233318457
330.5659257561913, 441.12986965657745
475.48048679372823, 320.6275900861407
337.8953548226415, 422.2644104958001
327.86957620490494, 448.43939478373176
334.44956605912296, 429.78574740841515
399.0357039357705, 350.3300465796978
384.2953850756003, 361.1039082536441
379.0024741908986, 365.3177302904113
454.1377762490036, 323.8454919827274
404.24104440831974, 345.607062589742
354.7577253675194, 390.86339085676093
464.17373784866044, 319.9575334291589
345.47120245874606, 402.8368373478867
385.46434677259816, 356.69253108915154
489.2269847812053, 315.55226633532175
362.6166491612242, 378.433735489157
391.0708811966148, 351.8269820859871
328.9509669684019, 434.07085221247746
338.9910018650965, 411.7084701565885
468.37507498794486, 317.55429024056895
357.3278115735604, 383.6984672592397
348.4221171737625, 395.4112229638067
433.81332479515316, 327.00840480756045
369.0866672943021, 369.84926922329703
420.7877545046896, 332.6295498927374
340.0357355619963, 407.4885380491659
496.62565520516057, 313.5258026688348
443.24647701301245, 322.44631604277936
426.30671903790244, 328.7762136825317
407.2836023111778, 338.34030691441217
330.2197179259684, 423.59637774406553
478.1279604300014, 313.5013634289764
322.6723818050826, 443.1726264972244
372.7401811730333, 362.85135092160607
377.9638501788811, 357.93081232530636
413.33002466245205, 333.44013504650314
457.25161241856, 316.56040661681305
486.263850696424, 311.8414961810881
332.7307447137272, 416.1666903271362
449.5617197642775, 317.94939997463797
393.71631844504327, 344.5317130951865
361.6757780219307, 372.0305180443035
399.6181478750763, 339.5215625623887
347.2613020708401, 387.8450800829426
437.07175388595084, 320.10620851302286
470.9736721878559, 311.2610514606042
340.77499179230824, 396.9061219536713
355.7026698038507, 376.1384344490311
423.9077003591283, 324.9412082056737
321.3608635746879, 435.44558839118554
323.95131470187204, 428.0790371544715
463.2349030972115, 311.9514748459767
369.73835311246177, 360.1853804300324
380.25086022732194, 350.7801459069022
491.58323618715116, 307.71117653154505
316.6076303991611, 447.65528590763046
350.3140429556184, 381.177098818681
385.92459962099906, 346.05716191694637
331.8306039380687, 409.03231656151036
499.2079602596177, 306.9331772047175
428.9704842982808, 321.0491760978746
415.58037764429565, 326.7477140210016
363.6736022278888, 364.2708941113263
442.415577594859, 315.2793559288337
334.465858204577, 401.94478580193964
406.08001993542706, 331.1244677993682
358.4275313917046, 369.0794170049311
401.99680111135865, 332.76804135171517
434.4079881042237, 316.59502948155745
315.77876736885236, 440.32743108989143
326.3727352109825, 413.48849969425186
476.6962880178951, 305.83542446534676
455.57148504895457, 309.6235879789124
322.7497692353148, 420.69822926002206
448.28685964317714, 311.4199101693544
339.73840364678676, 389.8226642269499
348.4811765920447, 377.91235391603914
484.24362466012946, 304.48512804787833
312.6221644478164, 448.0768719193641
370.40633107607516, 354.1833822685219
373.40612274880226, 351.51537526052374
392.1319070389686, 336.84744496235356
497.6174396900093, 303.1959302514375
465.8212809273579, 305.33237310419497
342.263686192155, 381.85937509559204
316.1494139386049, 429.39063767434607
333.7632595622108, 393.7737589607335
324.1529301322023, 410.36632032620025
408.6989825778301, 324.03693703979746
379.0085838757811, 343.14475677516754
350.6704332464129, 370.0977403899269
421.68382250465885, 317.4504211249539
445.26262975226905, 308.6358139044303
384.4196130756984, 338.66006084833697
326.9918367382341, 402.8796067997112
357.40927230083037, 361.5886299242112
337.105185768123, 386.51514987248356
489.92551012653354, 300.1918766567362
362.6064667006526, 356.14467323836925
427.52252026206907, 313.42804362387517
414.564154941266, 318.9941996372984
395.1663193904483, 329.5786527705991
437.2611499465162, 309.2916144250586
458.47963301249155, 303.1063183149394
471.2832229514817, 300.3914677795045
400.8013648083349, 325.08581025668843
310.9338904841354, 434.1360249091172
308.437119453986, 441.29076488175224
315.5038378053278, 421.52714462575403
479.2602645390536, 298.74585718935134
450.72253538854847, 303.86191387557005
317.94562271423274, 414.8428696659508
371.2372304942286, 344.364708320738
365.76103323384393, 348.5520540798407
499.59897175051344, 296.00860393048265
340.61207033776833, 375.0427187474665
381.6356925909109, 335.0511227719119
387.4988285665022, 330.9228396387935
325.98172372008685, 395.0018570933838
349.3833537555478, 362.47864495373375
457.3962053398014, 299.35277818749967
335.9280785197467, 378.8084784948353
464.20632213956844, 297.83343943639505
309.4411227872509, 426.5189654679672
329.01206277452866, 387.7534311086385
485.02564764192084, 294.33040699200956
417.30327176538066, 311.509522627234
302.38866071486717, 446.1013242917815
343.23917853154967, 367.4867589701068
317.1289790536887, 407.3011670677082
430.27589284379303, 305.96373334220146
374.114830554702, 337.09998916183264
403.3123921174424, 317.8842272779983
492.6238965870132, 292.74996909849614
444.12014318264545, 300.7560276816784
358.2381353311392, 350.3300465796978
320.22652307779117, 399.7065108713735
393.50859332983066, 322.74570272693205
422.65727845620904, 307.6663700419145
409.01871580202754, 313.4911798040902
352.2018949190878, 355.0672872273891
310.7322755751537, 416.6290087528881
399.2760128205425, 318.35265577440555
304.54940637536515, 432.33970219729383
436.42210445563586, 301.73565464769894
477.51904136332143, 291.84569793261977
311.68943885990126, 412.0485902975224
470.116298163677, 292.7520056149208
301.20951655729755, 438.3702131528935
364.070723403667, 341.51340284274977
449.56579306131533, 296.16135256857746
380.25493300301116, 328.18965941277423
360.73694274913316, 343.51339023157226
386.20971216644386, 323.28134095778523
327.7331293563906, 379.8797549565418
335.94029736816293, 368.50711939290875
498.95543200508087, 288.0412417662756
301.8143623269397, 428.69410473969975
318.5932357567031, 392.59250383413837
459.42865074586064, 291.7153525393405
304.6186477328703, 420.88967431709193
344.25336484673477, 356.6314319467425
415.60277947463203, 304.88838384764585
483.0033852177818, 287.34267179382323
295.0551583513792, 446.95060586452263
402.3430094629301, 311.01665384820524
330.2482294411872, 372.90220286185985
321.7620580475038, 385.23613570092874
487.2698904175335, 286.8009240136962
312.5590322538451, 400.95904876526373
366.7854020096006, 334.20591423202006
425.3597376923778, 299.900636038282
338.5836982287468, 361.2770230987479
372.4713607730425, 329.0796744422966
350.859829828327, 347.6946259200195
439.1306738980357, 294.29985716011436
420.8610691592324, 300.62364577197445
314.4122640599106, 393.7737589607335
388.7085201057864, 316.48301430024406
407.81106065058776, 305.90670723264174
431.6933094982901, 295.74587662749923
472.87577990893476, 285.9047994348999
453.06656742472956, 289.4057953628608
465.24698306077903, 286.83554687844065
296.4236985695142, 432.24805322298965
394.9402657419371, 311.861862388097
303.3356415390431, 413.2278089076929
306.54112089644093, 405.81848821915435
293.4911123877963, 439.64719080802354
445.1261834251034, 290.2367472450174
334.55139222888465, 361.0102222415336
354.40337146456943, 339.84538900778125
494.1614679445707, 282.308080978404
359.58427371893777, 335.01038983651216
375.71553410623073, 321.6377668840566
328.9978070169193, 365.91039463082427
343.1740099497337, 349.33208992309284
380.688711766735, 317.48504398969845
322.25693157465724, 374.4459808528227
313.7829795507388, 386.1648466280449
297.82075030286796, 417.96504903400256
451.2927604794381, 285.89868936424443
295.09792510285865, 424.97518747700434
479.2398996179105, 280.9577845609358
337.08074754994215, 353.7312469462746
458.7464170246377, 283.81316307177303
290.72348456981155, 436.06472900926303
362.8040088339449, 328.67641812114744
486.90128075697413, 279.7459796024454
288.14321590319895, 444.08911728302985
316.9253272355139, 379.09157252620963
410.442242141407, 298.78659012475106
424.33129614093195, 292.8314349692958
397.644761887299, 304.7397087637819
305.1277775389818, 398.1403296355954
367.43912421560475, 323.38113651916933
345.87239693156204, 342.1019936289319
438.18369307385984, 287.05754176740595
387.6413845785503, 309.08387619382853
307.9646472358204, 390.7656318118013
416.62714772904013, 294.31615033427437
298.87159368465024, 407.60259026828544
402.71569242052726, 300.06764081273053
430.0661313407358, 288.3711788037051
464.52605536376575, 279.42622618990225
358.8042871249909, 328.00839798059025
471.84326558179976, 278.0474164569631
289.1655477697624, 429.2562187268359
321.1612850535509, 367.0631364419486
352.2141142888526, 332.8128478413457
312.55292256896263, 379.1791484676647
444.0957049644644, 282.66245777707326
374.31644598503243, 314.79463373688486
329.53952059259007, 355.33612460102796
492.55669161735267, 275.03114219956956
380.18569164550587, 310.6093244942068
496.4708798233477, 274.5219807677625
335.9056766894103, 346.5541037288243
315.3959019506836, 371.64355489731423
390.45585244505224, 302.6256691558399
323.71304220494466, 359.86970005033834
461.7400984911338, 276.5851038154184
289.735772860652, 419.2420266891327
453.77120297628886, 278.000573450908
481.8670078116917, 273.5525369052464
306.6999695752916, 383.54775565895125
292.27531116362957, 411.97119798095355
282.99693432758323, 438.56776828061885
331.9344659743263, 348.4481849642256
297.2321961573312, 400.06088767004286
419.72265536529784, 287.49338391549327
360.67788385219956, 320.97585681415484
280.4003735155167, 445.5005133642886
409.3221568807709, 291.44651516570156
395.92390415405873, 297.76215719048156
300.5537574421002, 392.21979734488446
366.39235360951164, 316.0655013213596
344.3551904951479, 334.4177254960991
423.2885988318767, 285.10847041748775
338.6122092226171, 339.6233946401975
377.1451696091439, 307.69488335738527
433.1779311224476, 281.1044231283751
401.9397786022695, 293.0473197876058
382.84131135450605, 303.16945397377305
474.82472819987964, 271.47108364562416
284.5956009699187, 423.45177569305065
467.1144701031053, 271.876376483198
281.5000933336609, 431.26435270273834
288.4853509577327, 411.8836220394985
291.76821826671136, 404.2828562938899
388.32361829977316, 298.9026793816768
294.690621466509, 397.29715813350964
446.4478835947212, 275.318309263793
487.4226294115017, 268.7990030833953
353.3932584464222, 322.1652585278299
315.8867027021478, 361.6680592785864
347.3325803375386, 327.1061638525201
307.877076823668, 372.93682572660424
438.83334198282614, 276.7093391380424
369.1864570762193, 309.2508814896587
321.9229431141992, 352.5275885748641
274.372279697541, 449.9485499099503
495.20212886578116, 266.7338435193147
299.0813551877076, 384.6679111217558
330.6840440714071, 340.835199598688
398.85649033577664, 290.1349146458269
412.7720189413273, 283.8213096588531
310.34330047210267, 365.45825878719523
472.5723388301914, 267.5586853308159
425.74463949839117, 278.3793894894356
282.8523414063419, 416.75324459689375
301.83880054512076, 377.8431081865502
480.4597736177663, 266.4100165525405
460.0945918002809, 269.06784045703415
359.4620826280328, 313.4484103522658
325.16304315034967, 345.0775349509258
452.63482609154755, 270.14115343516517
275.6634324854439, 436.20525802742867
355.6313920585011, 315.686685282832
404.4528422992216, 285.3589781005422
376.3835120698443, 300.4403473019843
339.4390358650812, 329.09189406222583
418.47426985022315, 279.39974991223755
273.1035287399745, 442.5310826343317
390.8407547724144, 291.7703421324756
292.94532551508775, 389.77582122089456
314.89288182945455, 354.46647629989616
432.0395173285131, 273.4181179577361
381.136745245371, 295.8477087053079
284.02537587902907, 405.9997496513382
333.3987226773407, 332.50938760296236
482.84453653893104, 263.0047431531147
276.00760392782223, 425.1483023221082
340.82794100435945, 324.60108806473966
465.90681495166564, 264.4731653439331
286.3062762425875, 398.30937144785
441.8494258010073, 269.204295920969
345.96811289509264, 319.45448154662563
362.18083453100434, 306.5177012636391
329.7309535623487, 334.511410986828
490.2269148174323, 261.29599638274624
269.1995235158997, 444.97709527474615
368.2944618519391, 301.6093828086503
309.0277094660187, 358.24852922142503
300.5822689573191, 370.18124277715106
317.21043978095867, 346.4685643037938
294.1590903514098, 378.9103105726443
303.75109124811974, 363.65175349324886
323.727297962554, 338.27513421777246
411.29350648070346, 276.96595689175234
275.3844291035328, 417.70435824744374
397.5286804812766, 282.65227467356885
277.9178582429767, 410.53739865487955
311.9643689447745, 351.1834017066697
447.6270277522906, 264.65646381392327
475.847060066443, 259.7501818753589
455.4778049519198, 262.83570134085994
420.3702684077681, 272.1879833086612
270.23203836438336, 430.11568392446304
354.66200888264, 307.7233961514742
383.7821824937996, 288.51578033333834
348.82738442226764, 312.04923389093625
285.33282081238593, 390.6943490445062
267.76581471594875, 436.2785767897668
434.90897183760825, 266.3692836171408
288.4527666668247, 383.6984672592397
403.4488389659567, 277.6278669616542
332.6716858167936, 325.18967885092195
496.3466523445983, 256.658551817821
416.8348728442526, 271.9476592504931
389.9935632088069, 283.5606188722941
371.00710407002816, 294.0473134820169
427.16409306208135, 267.20430853214646
301.78177803603177, 359.51125021881984
293.4381631757451, 372.06921446327874
468.59298204238036, 257.33268202903355
376.4894110152952, 289.56261703380477
269.38077402508685, 422.8937347387637
461.5445927456859, 258.1229009757903
481.1888473875066, 255.53839583363478
276.36806751565456, 403.56595663085295
279.8199659640555, 395.3603069249023
266.07754127361636, 430.4822803430615
448.6025195703367, 259.8520139531678
341.12119962253115, 313.7681637648092
440.8596777040031, 261.52002778813613
316.21661890826545, 338.3321608487137
357.93876702808495, 300.21835293440074
335.2865751621587, 318.5379907608202
488.75858533872884, 253.7237439526085
363.1441075006343, 295.9556513751537
303.8732823390246, 352.4624158782244
295.70073448465627, 364.05297277659196
261.93933632830334, 441.54534559765574
310.4471630297089, 343.9410857925797
325.3952064837432, 326.84139951173046
287.3591560122142, 376.25045015172594
270.0589344492719, 411.8897321101539
259.1533794556713, 448.9037502472899
347.9109515011552, 305.4708650845544
353.6661516221022, 300.78861402999837
406.5524921535928, 270.4140638416533
319.2245561323709, 331.08984441324213
392.8772729541629, 276.3284860617088
290.438371503018, 368.5030458386781
474.7249384179624, 252.41214343273398
454.367902673204, 255.35102485217715
420.41710793493684, 264.15748496423913
280.463505709488, 384.56404200614077
379.44643541519406, 281.9903646036669
260.3752903647204, 434.5637204701247
498.1367514353436, 249.6097174772255
398.87889164476434, 271.6604921862696
430.25552740130144, 259.71759552703907
327.71683721093655, 319.625559875305
412.74961711099087, 265.49148872892897
369.2699541913338, 286.83758339486525
384.6660316453527, 277.4364219045842
463.95175749718686, 251.13923881045298
264.28336888583306, 416.77361080390284
375.42227548805903, 282.2693850808103
268.8553520735214, 404.55169366752887
261.6868080737665, 423.85910504704884
271.75128066729343, 396.79410625097637
294.27109898174314, 356.73937409520664
340.0499913196058, 306.22646064518506
302.9588858057567, 344.5194934752573
443.47456704936826, 254.30011459748
484.09292205400567, 247.97836302342617
274.5148362309377, 389.58844971805536
333.93636347732235, 311.0268374730914
356.0672066887209, 293.1206390713254
435.69099481939975, 255.61171563873597
311.6650006417202, 332.67231934456174
491.9885029143076, 246.5608568715119
361.73280000967094, 288.3345189011544
279.5918759276997, 377.3726426523369
254.19038477708725, 442.86101915037955
423.35173102584804, 258.1738170146947
318.15945751432787, 324.19579522716606
296.94504722404184, 349.3850424784217
288.5057158788759, 361.36663555662767
305.5982133693029, 337.3464232906562
282.48780452147173, 370.16698611941564
266.0286648372544, 402.35415167236255
263.23863518893324, 409.1891382324542
405.6666071355437, 263.2084078301138
469.8271123211943, 246.39385209706336
449.61670588552187, 249.5873142324102
456.7526655943686, 248.177954667576
477.2746591815116, 245.2920263248434
342.6770995133871, 299.5727360386587
270.7411676491462, 389.4784710531667
391.27453301478965, 268.8499191222997
255.8216357103307, 428.40082760482085
415.74940878371797, 258.4894973943888
348.61151375567664, 294.397616205074
378.1451001667196, 274.81933093549037
273.60247608551435, 381.76365308843856
253.0764092013337, 435.1502747398822
326.4175383503067, 311.7233704077376
498.041035471813, 242.39795139503067
397.58366660252096, 264.2267312151096
320.4810877201726, 316.7864745386275
428.86051257714075, 252.46713302586897
407.67868709911124, 259.66056889609774
384.06322226355525, 270.13911691874057
421.41703849251263, 254.42231392506102
364.29066684594716, 280.8926118642961
257.58933349208843, 414.02006437087425
310.3799575386998, 325.4564797081362
462.64838586086785, 243.44682409054013
370.3717103973226, 276.27960653922895
289.2694103273687, 350.96140733908607
264.6519785463924, 394.24218745714074
483.08280903585853, 240.7767800447359
254.32072194071915, 420.6595328410467
442.05715039487126, 246.90708708310126
281.0581690185586, 362.60491679278243
335.12161731977426, 300.3955413337354
297.92257595128115, 338.57655846111265
435.0067247103322, 248.29608044092635
329.3603069925961, 304.72341558962205
304.0810069328887, 330.22630618276577
491.18611501137303, 239.0741438664045
350.941290555597, 286.8518400526005
247.61446769855843, 440.2663314261011
356.45618179177205, 282.72966699013756
272.4620259037352, 374.6129861486527
256.0517621345311, 410.0486034300816
283.7361905578951, 355.2179988276776
472.3218469634992, 239.65051451127584
258.25323868001277, 403.21768990283897
291.62362534547003, 343.35656803924667
245.01179720160943, 447.21129665108157
451.9444462975975, 242.25742237686504
275.20521550353897, 367.49490555718677
312.77083014474687, 317.65204928552845
387.1322547724387, 263.59333393929677
307.15614964800335, 323.21209522829616
341.13952815582974, 291.7479388876603
266.0612491281624, 383.13431623429744
249.21313434089382, 426.33566751935876
400.2739069902736, 256.7135414109561
431.3695029770548, 245.78896813672142
475.7920739451987, 237.4346428255251
377.00464998494044, 267.5912716791357
268.6354081098925, 376.54372728660485
413.70678091708703, 251.0027838678998
373.0314034033606, 269.19207577965835
393.11554545109027, 258.66057572306806
321.85573762319, 305.84968112308195
424.1724479834299, 246.74211882507748
245.65533694704195, 432.21750339109445
316.21661890826545, 310.5930313200469
287.4059960607317, 343.7679709474759
362.9119441672405, 273.7215781961196
296.7800893816574, 330.89228980689825
405.8641492688363, 251.9824108339202
334.34977679855444, 293.470942315764
465.312151642595, 236.41835647833545
457.5652364792236, 237.58331790938905
249.56545185599919, 414.7593672787266
445.1506216432844, 239.7075406208356
256.9987434800557, 395.2299615316229
246.93630675302467, 422.11777192836075
259.8926356859832, 388.0283785529327
344.2778030649157, 284.8294499403443
327.9815843138897, 297.42611008239675
282.11308517603, 348.18749417766674
486.1823899691541, 233.2676637948132
437.1857989041288, 240.74826725064673
275.8772667641903, 357.2790853589091
290.80290838788824, 335.8942942739975
355.9246506766728, 275.7561884496864
312.13340008419675, 311.11644993097104
349.9067393192688, 279.31421048720716
494.3590105992116, 232.0130893844984
299.62510515122295, 324.00842372432675
267.51939614629435, 368.8350193925321
239.79016458360618, 441.26632512051236
393.2621747601762, 254.14532996434204
379.91890763335977, 260.34284569439023
306.27637379348795, 315.3811880066425
416.90615111095116, 244.03134184387315
251.20688524981415, 399.93665234741877
442.7617859464306, 236.48760220782438
269.97136403711954, 361.71693880106614
450.3315238976527, 234.87661448241556
248.3313220985339, 406.9610469267743
471.76587763021894, 231.26767640599053
366.3780983732509, 265.7969860051185
399.40227720848526, 249.4977017745306
331.0872744107189, 290.0514122586028
478.8264862966783, 230.27582982004083
385.70465565737027, 255.49155334896116
336.4310981196271, 285.6583653060763
239.2117934199896, 434.1014015229911
342.4754840830567, 280.88853831006526
258.80309832841056, 380.29726741404465
320.7478717323188, 298.41388415687885
240.99985664423914, 426.4293535314691
314.8480786901304, 303.3731186507721
372.2799278032839, 261.5403939951452
408.97594905054797, 244.9559797381402
429.9826342256213, 238.20653208169736
261.9047156495507, 373.07124467411455
290.0290314788238, 329.34443826170474
352.86783649485676, 272.28981590785173
283.09468720030713, 337.5521250054616
274.40690037629355, 349.83514180562617
422.86703943791764, 239.06599675794297
234.43412202628184, 445.2214928871451
499.9431431928918, 226.86240931215346
358.3969834886411, 267.40593669272107
265.7700268978352, 362.0916818067446
464.760255085004, 228.8135171784961
457.039814527658, 229.95811240254062
298.60073637546617, 316.57669979097307
251.6345543286557, 388.924503131729
242.5292814077208, 411.70236060731474
239.79220097145074, 418.99559256030903
286.03541945475206, 330.53587649180446
492.9680685507402, 225.5732120370941
323.19983962314404, 291.4953946881814
277.0564109217599, 342.2588158212574
268.99994499476264, 354.30354455829684
485.2130073146417, 225.57932210774956
235.41775991705487, 431.99550902351075
435.6156432556635, 232.99271635051883
292.37713681204264, 321.5542644968324
344.9376349558022, 273.6726986736398
307.09301745403195, 304.6989758283821
388.6800085905676, 248.13925824860073
260.22051498290756, 366.07943644307886
232.58292660806092, 438.09730274640555
453.50441896414264, 227.71372792270074
402.0925175962379, 242.0354280092815
246.70618032882422, 393.3053304643262
243.56994232893146, 400.9916351135836
301.0649236360562, 309.5869280763619
374.179999136518, 254.4039837130948
445.6210569522569, 228.8033340749916
364.9912291004686, 259.2512030256748
474.352255981714, 224.25957500079494
251.08876745594708, 381.80438602383845
415.64758261395616, 236.38984316286488
329.5293381320185, 282.60339515108905
315.72785454464577, 294.16543873398564
334.98517047125995, 278.04130638630795
253.9826596618746, 374.336002187934
380.7640628091226, 249.7950524636401
234.34451470493624, 423.466032350786
394.4413189177458, 243.22686623938102
494.7031820415899, 221.46529563236652
408.13690355966753, 237.50999914705093
425.2131083832919, 231.92144041019407
309.92785076302584, 297.58700530757164
351.39747062830867, 264.61165732429265
275.814134570219, 334.6804527990827
227.57920156584194, 443.25205533021796
370.04790387608745, 252.76855622644624
284.6872441577602, 322.833278668387
261.46686411013764, 355.6843913290419
269.10584394021356, 343.53986650923673
291.52179969705696, 314.4443304924464
357.2320950886811, 259.6157629278487
245.5698029227342, 386.0039514028702
467.42809416376895, 221.4795522901019
234.92492277774608, 413.2257723912684
316.39379612041466, 289.16547078331104
480.81820081775413, 219.6567533006141
459.0926248548607, 222.14553591423459
237.0103173958566, 405.7594250717884
438.7457715706738, 225.77891375189955
247.98918704400015, 378.62721706265165
431.2941519346674, 227.30639856870246
293.5012948483679, 310.47694258450275
488.481618866011, 218.53863435423412
321.64393973228806, 283.4323099954394
264.1733966433443, 348.29950988036165
337.54711060457396, 270.78066078163334
279.00739507920065, 327.1774460984336
227.92744630525812, 432.2867491205833
241.05484224413485, 391.86949410044593
252.75056629225392, 367.08553968676387
225.63025379624574, 439.6655204986081
343.5833499739279, 265.62183412220844
299.76766168461955, 302.0533715438176
387.25648277253697, 240.68920462466252
396.87699466311705, 236.60369094336846
401.16590169320517, 234.88272455307103
255.2025341830791, 360.0713282109129
374.0007855365242, 246.60566336114252
418.58831486840114, 228.1516071085943
236.5317354928085, 397.91833526801173
410.904531899001, 230.48153101346466
452.28454444293806, 219.63638709360487
444.6496379099, 221.08851611026358
359.9895404460942, 253.14940930278001
472.95927702404924, 216.6934321199309
229.28376715362828, 417.3703486985466
233.0146684625916, 405.8877339486433
379.7804243970009, 242.29611879584033
324.09387123526875, 276.82339135716205
268.1934837947902, 336.2038645830363
303.1014418178048, 295.22449505438124
480.8324565753636, 215.2942556586014
246.8589193227925, 371.7637171870891
226.48559143258018, 424.59637091709516
329.8857289441616, 271.8356435477981
307.9809393812743, 289.96179980072304
283.6567662184697, 315.35063817474725
431.6505427468106, 222.8298492289517
366.1703732580383, 248.239053809985
238.08559899581985, 388.78397411356343
493.86413655070953, 213.73418449347852
424.16226500150964, 223.97648096942083
346.28580973144545, 258.4650576331489
292.3893561818075, 303.33442275317856
270.969257685502, 328.78843382384247
262.6236064373708, 340.65190112869783
351.70905777977896, 254.80112996358858
462.3612369275786, 215.08855446517757
277.4087284368652, 320.0369627835341
219.57364846305123, 444.3742478308286
458.4979615457901, 215.31054883276124
239.84718709269512, 380.39095290477337
254.2881376498112, 352.5581384067594
286.5404759638257, 308.261070898752
437.8374847222883, 218.45716848343446
227.51606937187054, 410.1708022362811
257.4549235527674, 346.1651040654105
311.3921074660403, 282.8294625515218
390.168703511763, 233.19841754394267
265.4258554554568, 333.3586691757035
376.7602678031306, 239.1352430088135
486.56525538732274, 210.82381638950613
300.82054145424644, 291.4791015140214
403.703403608338, 227.37768133599755
220.71613555402368, 429.643181873825
316.07609928406185, 277.31422361976615
247.19087191675473, 360.9145002343802
338.43095923477847, 259.9782863135979
332.6798318895205, 263.8479146552005
218.37006660864935, 436.5922206530363
353.36882022824125, 250.22682105749686
295.3891473331859, 295.4994424986756
382.52361451815335, 234.6485100441766
231.7520271899075, 391.94688693839646
228.8316603779545, 399.5517257168541
447.4417044674144, 213.6547551391035
368.7017654882888, 240.74826725064673
417.4824853653745, 220.97853692399315
396.02572980247186, 228.21677980523413
467.9596252788681, 210.1211733842042
359.1423488824868, 245.44681147936276
475.912228648259, 209.22912183825716
323.1652189443914, 269.0922802182741
239.13847876544665, 372.5763393786612
221.18046117811372, 419.19314716665286
341.1558203012837, 255.91721239354393
409.4199097534947, 222.52638846918674
328.3644497320583, 264.4813119310132
255.40007631637158, 342.3443547249063
242.0425539532944, 365.3767929163956
213.6107232268915, 449.3212632261743
427.01950014084, 216.79933775197048
269.8512093340592, 321.1123122780896
419.8163354623326, 218.6445399862737
278.6530411762507, 309.7478233015366
303.22974259359205, 284.1451366256272
496.44033192028434, 206.44502557333328
246.65730389246227, 354.0224875647287
285.0538179518236, 301.00042529407733
345.36937681033294, 250.52213523018173
263.9127223160805, 325.9228716881189
257.64024631629496, 334.77617532761775
273.13204025519326, 313.676514790505
212.57209921487413, 441.39056044313645
230.17372546871522, 384.50497938015656
222.46550428113417, 404.4193117578249
453.6754864914095, 208.53462542003552
461.0823029880918, 207.3065272873851
249.28033931055438, 346.58058000648873
219.77322750553697, 411.578124763309
440.20391911015435, 210.75864369286631
232.8619294686233, 377.26469998249104
279.66519058224264, 304.87209067348596
332.3967557319204, 257.48950369997743
481.8486792783932, 204.6527764157407
433.1657122740315, 212.00914454895022
216.2133937238405, 422.42937875382404
310.1315025812007, 274.21444697514823
375.51391867590047, 232.02734552085218
388.6352054512435, 226.12921647495648
315.2227980355721, 269.66661486810256
489.34102979938325, 203.55298715994536
361.7877861309153, 238.2268988100879
398.44511340238904, 221.52843181258174
293.4401995635897, 288.27138272093936
240.51923783199786, 358.13040396945644
288.44665698194234, 292.80495869163127
212.52525916635673, 430.74704468385124
394.396515257073, 222.1475724306592
243.7674844622239, 350.6599836171273
367.77311319741153, 233.35320269846193
381.3750182636471, 226.87870248631344
224.5936661720729, 389.0813248026729
221.60813025695518, 396.5660018127373
466.8110290243619, 203.1191815282825
348.43433654352737, 243.29814900667617
234.18770293527876, 366.62729429386127
412.13662526862174, 214.5325500273153
214.47217054810832, 416.2013131918806
446.10167576449817, 205.7586757421915
474.7432674726097, 201.6548323703132
404.1066339476501, 216.7850816156167
302.4273541693089, 275.9089370877812
211.517182536054, 424.58211478074134
354.0714188706073, 238.87862577648536
318.21851641126136, 262.5485342766366
256.5792204739411, 326.910645762601
265.07557432819607, 315.0288482457794
323.0613563867851, 258.4894973943888
247.79164438935905, 339.4482427572876
296.3157632362187, 280.6991302908014
425.4656366378287, 209.0987764449778
334.8100301683039, 249.91521423203343
270.98351344311146, 307.14906202302745
455.9686062247327, 202.35543885919031
418.0180897775115, 210.56108908652254
207.62335977255083, 434.91402371456326
495.3915249263466, 198.4511871314618
340.5631939014064, 245.17390055149303
225.21276769932444, 378.898090952715
435.1961207708976, 205.28413717512893
250.46966592869552, 332.3016493717324
221.89935248728239, 386.016171544181
280.0562020731383, 294.4485327653599
259.1574522313604, 319.5766803528251
214.47828023299073, 405.7736817295238
228.05371017185217, 371.3686079744016
459.854282915509, 200.27398612094976
204.7987094454771, 442.38851709974153
274.7999487763825, 299.4790500265483
242.08124740773607, 343.81277691572484
267.15689564926873, 307.9474275568641
480.8304201875189, 197.30455486961108
232.86396637781658, 359.7739780431849
310.60601118721104, 264.24302438926946
305.1888728237599, 268.50165291566736
431.36542968001714, 204.4389286352371
384.0163822150378, 219.89504084235762
206.50734780895257, 428.05459739323146
370.5977640458338, 225.71170401745366
235.66214209886473, 352.5275885748641
327.39710398673924, 250.4875118440557
357.048808712998, 232.0802985975627
397.55108231161296, 213.66086520975892
288.76842711533294, 282.15736937811545
488.0213660176102, 195.35548404107465
283.1720746305392, 286.8905364715758
376.5647620576828, 221.07222293610357
449.0851747704226, 198.76686751115594
216.23172225713904, 390.9244899991698
213.6412711299549, 397.93462844217174
209.55397900884844, 410.2583776563545
441.39935489182926, 200.13753065701485
390.0078189664164, 215.29629269640748
477.4966400543337, 194.97055793189162
469.894317290855, 195.6121012734028
346.9395319374496, 236.01713667361085
362.67774444600224, 227.22085914367196
223.87477486290413, 371.6455919351205
411.0307957655951, 207.4327996478154
206.81486218473378, 417.53735347299505
311.4491299751292, 259.579103025298
226.98046495973355, 363.9572502480569
317.2613526051653, 254.90092552497285
352.9655893675807, 231.5507704373648
251.14171666799817, 322.3974365202996
403.3653413294936, 208.90529487148314
295.09792510285865, 272.5953126626596
333.4842567016485, 242.3042653829204
257.98441775867326, 311.8455692139371
242.70849500771465, 333.44828163358324
267.1141288977892, 300.252975799145
339.5184602045066, 237.87252201141862
253.0662267407621, 317.7457347762574
497.6031839323999, 191.24553059854085
234.35673407470105, 344.9146032093264
417.4824853653745, 202.32692606510116
275.9037413702159, 288.6909322162484
455.017552103519, 194.12534939199978
246.06671388042952, 325.82511264315923
462.66060470928414, 192.9440942654046
218.13993966310025, 376.41745492617457
207.8086830574271, 402.8470204513913
214.98333674206435, 383.1954153767065
261.0575240859433, 305.11852480230954
483.23351164198215, 190.36773623171078
237.25673596551098, 338.00018729485976
434.23895696480145, 197.05201067013218
288.15543475161513, 274.7582317930814
269.77382190382707, 293.5972141548126
426.3230111833564, 198.67114498262092
326.56620456858593, 243.3612851868914
298.18325027854496, 265.0943429998168
303.5515122056341, 260.4711545712451
200.7195633970976, 422.24811732164017
320.00454272631777, 247.62398674613834
491.39994929011954, 188.8789473125014
369.73428033677254, 218.0600222329407
225.5345373113664, 356.5438560052876
382.7822519362239, 212.25761571558007
228.47119679012212, 350.0388059612437
281.6467226427468, 278.9822369333531
392.66140176622326, 207.55296141620872
276.1277586308825, 284.3060318508019
355.9735271130348, 223.90316168570106
219.53291809941624, 365.3788299542018
202.84568837884308, 407.87550119615526
375.3387783729445, 213.66493824260814
405.60551132941697, 201.97254926643177
447.8388256431925, 191.46956200393075
209.09983584533, 388.34405841124516
440.495140819133, 192.62434085286145
342.24128488316717, 230.18010729150595
221.9950684508131, 358.753617620383
362.0158761672713, 219.2331307724558
468.5420692181739, 187.96856607596973
476.3439705027897, 186.99504918060464
397.7608432933216, 203.3472859665216
348.4485923011367, 225.35936425659045
290.312107636424, 267.02915717061796
488.4673631084016, 185.4533077060664
306.0360643873673, 253.48545588948338
312.3248325326068, 248.58528402157432
244.7389035045808, 318.1673207879909
284.3838030790168, 271.9476592504931
419.49049255325275, 195.73633711740845
259.80099249814174, 298.1654129902492
253.19860029223858, 306.31403658664
329.0405737683989, 236.02935681492178
235.85968423215715, 330.3668352009313
210.78199960278, 377.1669409375315
411.72728524442743, 197.10496374684286
203.04119412429094, 396.8816816710499
229.25525615975815, 339.8107661430368
496.30795836880776, 183.75067048497192
213.527226111777, 370.1323632546713
453.5818069157234, 187.34738894146784
386.24026006950714, 205.44095884607293
458.2230319822655, 186.48181419456677
334.0891024712906, 231.42653511474077
372.4265571123698, 210.76679027994638
247.3313915409582, 311.2834547054194
238.91853480181783, 323.12451928684123
268.3564052493301, 285.6583653060763
433.02315574063476, 190.426798857695
296.4420276241614, 258.25324636906976
255.6994446194258, 299.49534320070813
230.17372546871522, 335.73136253239824
299.445891551229, 254.8744492473083
319.0168315385068, 239.83788601411507
220.67947796607788, 350.9451141649261
262.0941117101162, 290.6175997999697
481.36398769046275, 182.22725922239974
425.1621955590854, 190.7730285479029
354.4990874281001, 217.26776676975936
364.5737430035474, 212.11912373522063
377.84165908797627, 206.0478798442211
223.47358091143687, 343.8351801605402
276.99124233994394, 273.11262120292827
390.8814851360493, 200.13956717343942
204.78038039082983, 381.87974182398267
463.30618136390984, 182.37186075203297
435.3671882981645, 187.03578211600455
350.1002081555233, 218.2372106322754
442.8106623827926, 185.41664780351584
201.61155810002907, 389.048738454353
271.0405359522004, 277.9313272000375
383.9675057786759, 201.80554449198337
404.2919572325263, 194.52249564249357
340.9155114165117, 222.58952464940197
471.33006247865046, 180.59794180640645
322.35468444738115, 234.03547949675456
211.97539899661024, 362.3340429027191
289.0270645334035, 259.4894910887999
311.1599441326467, 241.4223974618595
305.21127465409626, 245.85006727913023
214.58621556628626, 355.6843913290419
397.0256603600476, 195.8850122012724
282.73829638816403, 264.3306003307246
413.71492698981393, 189.87486745268183
491.3368170961481, 177.64073017499723
239.41748162600902, 312.542102669965
245.72865160158491, 303.8761705333054
333.50869491982945, 224.74633370916848
231.32639502025924, 324.1774655365815
499.4930728050625, 177.24765747873414
327.73923904127304, 228.1699367991789
254.65878369821513, 292.13693855107414
449.01186011587976, 180.82808276107022
409.93107594745095, 189.76488878779315
203.5829076999617, 374.28508614902955
222.48383281443276, 336.37697994952185
456.377946248927, 179.33318377120554
206.53382241497818, 367.2077384929634
370.9215700457204, 203.4430084950567
357.44389297958276, 209.71384403020593
249.04613958931614, 296.83344626336543
233.99219718983088, 316.945332725996
428.36971182567646, 183.73641434861815
297.80242124822075, 247.46512855876972
476.8693919330065, 176.05418273221
263.1917951404158, 279.57286475734156
291.648063563651, 252.04554701413542
393.7387202753797, 193.37382686421822
420.33157443197786, 185.17021367469223
225.2209132507028, 328.9574756360971
320.71936073844864, 229.7951806609413
343.99065361027766, 215.38386863786243
314.23712323560585, 233.96216021303485
484.32304899955477, 174.86070746430406
257.8214963041334, 284.5259897019611
275.4190503036341, 265.46501245126444
213.3846700997289, 348.09177217051325
216.92821121462273, 341.06534055335163
376.63196754869193, 198.59782569890118
363.1318881308694, 204.40634228691727
269.2382174916901, 270.54237271850803
386.04679071190395, 194.3982603198694
349.8028767616624, 210.6669941971805
330.7960527017404, 221.14961525267242
238.33201756547422, 305.631760309729
462.1596214972482, 174.68555610277556
207.09590195448945, 356.735300540976
303.66352083596746, 238.76457355736568
441.7292710979469, 177.55111823849913
399.6140750993871, 188.33108946171907
434.2226648193475, 179.0093568044315
336.12358426519455, 216.6506626681065
469.6784466242639, 173.27212298371055
283.79932275186655, 254.54858576410965
299.8918891633691, 240.3572310708084
278.1642768126311, 258.32452861498325
413.05305818973414, 182.74253072486223
232.64402241418773, 309.56045179869733
247.71222057128236, 289.8314544074437
241.00800219561748, 298.02488449346515
224.1883989235678, 321.3648564775686
250.04607014689182, 286.16345370503427
490.1861844537973, 169.69780829341155
405.6197670870264, 183.74048738146723
322.5929574656572, 222.09258283752408
451.5656536551182, 173.01550575138256
285.24117710319575, 249.95594716743318
262.14095175863355, 271.7032616380941
497.7029731929685, 168.90147927599952
201.19814530014565, 361.4155150791074
217.77336639038552, 329.8434171113888
227.03545108097788, 315.11235063300353
256.7930547526876, 277.13296166620074
215.10552783296927, 334.1774014379309
290.74384949095463, 244.60160293947078
307.27426744187045, 231.51614757262035
366.14593503985725, 197.33510470150645
206.18761458475527, 349.7434923099403
235.60511958977574, 301.9169166012643
379.2081629182667, 191.50011183582598
352.4198024948722, 203.4348619079766
479.46391635722847, 168.4737831936104
419.1789048804339, 178.14581857395504
426.87287083175414, 176.24970082212914
342.8278021195108, 207.90937473130273
475.6861749997478, 168.3475113545619
392.60030648144516, 185.53681009329065
208.4929531664946, 342.1956796410424
270.44790903097436, 260.1228878432311
312.48164430226427, 225.46323337220542
358.17092984013004, 198.84018679487568
371.9907424821498, 192.5530580855663
445.1811690249992, 170.93608952956646
265.315883212968, 264.3244902600692
456.7098988428891, 168.75280419213544
385.29327924533135, 186.5795732395264
328.81248373204295, 213.8136138478537
499.82298848983146, 165.38011714102944
436.6420484192647, 171.7527847539877
335.3924741076097, 209.68940374758452
464.67675796988954, 167.373993937815
225.45104019625188, 311.10626682746636
272.7858324249704, 255.68299788464947
398.60192517204655, 181.1172863417182
203.33648913030729, 347.39727523091
416.60881919574155, 175.46559194602773
239.794237880644, 290.5015110644254
293.26505926063373, 237.13729265779722
299.3237004603241, 232.25952351332188
277.18878447323635, 250.35309341792697
216.25005079043763, 322.79458224941175
249.0033728378366, 278.3121802763713
408.4708925414743, 176.6712868338627
208.43796704525022, 334.84338454068205
485.0928526115814, 163.5369514231508
315.32666059317853, 219.14555483100068
227.63418768708632, 303.90264681097
258.03329419503524, 267.13506280265756
359.4111698038263, 194.341233688928
322.69681950191494, 214.18835685353218
346.14936340427977, 200.69149857845264
233.80076474142086, 294.92103481599804
219.2702073843079, 315.42599449627323
442.419650891897, 167.25586868584645
242.78180966225761, 282.9903577766965
492.7521973628007, 161.9483669425575
365.73863140350755, 190.4695683095194
449.97716947335414, 165.67543079233283
210.70053887551003, 326.99822118267434
428.9541921528268, 169.17846323671836
470.54193033332524, 162.47382206990616
331.9772332471546, 206.70571635989225
378.25507240920837, 184.3331517218803
285.8215851760056, 238.560908358985
351.8190300222678, 195.7994732976235
251.64677317707182, 270.88045634301756
279.78941806099215, 243.35110156200525
302.44160992691826, 225.32066783761516
421.42111178955054, 170.09088098967464
258.64425017090855, 262.7746021984511
264.1469220373187, 257.24306957115397
478.4619494118081, 160.88116403508195
338.23545348933067, 201.92366974395208
213.54148186938642, 319.5950105647912
201.8192832152418, 339.3871436148786
387.71673562093775, 178.966587352607
318.411985247516, 212.7688136638119
370.6649690154944, 184.91970599163778
401.4367584810405, 173.75480865923484
380.0757194030173, 180.54702524612057
456.4044208549526, 160.96466694368766
291.32222065457125, 230.36340524011433
463.16973451539553, 159.82007119826176
324.21402593832903, 207.20062165534569
435.08411214056434, 163.93002464079552
393.67762446925286, 174.89329381262388
498.9472859323539, 157.24778619741696
217.80391429344894, 308.05740622175273
235.22225417160703, 284.4832202501366
226.28397600224986, 295.6297878919551
308.1357147630872, 216.70565226124162
272.3031772248845, 244.89080704150035
287.59131934560793, 231.68518886349352
414.9816410381872, 167.5695120277342
244.3601113834499, 272.5342135202507
266.32395984327076, 249.70136645152968
311.0907027751415, 213.55292306129473
483.9035259934403, 156.13170376746163
407.039220129368, 168.81390333454442
220.37196359029664, 301.35480157136516
354.40337146456943, 188.46958144207866
343.9580693193697, 193.571381470562
229.46909043850454, 288.7723980870481
445.0956355220401, 159.80174150767724
202.97806193031957, 328.028764708981
453.10118862483074, 158.48606743357175
250.97064966208, 263.0047431531147
211.97336260876568, 312.4565632449345
238.04079533514698, 276.8009881123468
361.0709317309399, 184.13559711553654
205.75790911806914, 321.43817576128816
245.0606736379714, 268.35094079399704
491.7705958598721, 154.12560682936527
294.9288944847851, 222.7219065591059
420.622796662305, 163.4228992040313
330.9956312228774, 198.85036989838022
278.11132707923133, 235.76051944128287
424.8852290863675, 162.31496336115586
346.8438159739189, 190.27608725740646
473.1975500423253, 154.78955393707335
300.70038675118616, 217.6832427108376
373.34706333052014, 177.89123785805154
337.34549517424364, 194.4532493916229
476.7634935089042, 153.21929914706448
386.72495113608915, 171.59799959946847
258.74200304363245, 250.4834388112065
253.45723823165775, 255.5098830395456
396.47783709949425, 167.42490997671948
458.47963301249155, 153.7284605788715
316.8825604840343, 204.03770935189408
323.1916935504171, 199.9297924257849
438.0146619344376, 156.58587612751515
271.07515715230164, 237.6321974318689
379.0391317788444, 172.8240606943125
466.19192749711044, 152.26207490447757
430.2005418014056, 157.87303688614975
286.97832750323875, 223.88890554934733
221.4411355053775, 290.6562962189449
281.0337308003776, 228.25547622420927
265.030771188872, 242.06597784117673
228.22070492342988, 281.3488207407741
212.6331944996522, 302.3242459552626
366.37606146405767, 176.87698802728653
303.6553747632404, 210.31669147412356
204.40973434242596, 313.71113765524944
409.46064063847854, 161.27831028557574
223.3799008144021, 286.10846411189897
237.04901085029834, 269.0637674241851
309.6407018297365, 205.46132557446361
402.0151301660058, 162.45345534151545
215.82441862078932, 294.87419180994283
353.0511233918883, 180.79142285851952
340.19865701653623, 186.88303347790975
231.55244866877052, 273.96801284632465
206.84948286348634, 306.9189210683637
245.7591995046483, 257.5424562553065
451.2133361400127, 150.73255357125007
443.84725000696534, 151.83845237631928
390.7959511117416, 164.5125053563223
296.3198360119078, 212.28205547681998
273.4701025340379, 230.05383493107567
423.04014335302907, 155.22132253092994
267.7882165462851, 234.64647352775197
257.44881386788495, 243.98449883781794
326.1690833928077, 192.6711838589165
372.3552788456714, 170.46969702820218
359.1301300340707, 175.95846020367495
345.8113011254352, 182.11931655255407
290.11456550313153, 216.18630720454846
239.48672350486285, 262.07806874242306
415.5355739836228, 156.3985046246759
251.85246190443996, 247.8806039784665
332.49858190168214, 187.83822068269026
381.7171533181809, 165.59600143795782
316.1473770294116, 196.95628866297878
312.10285218113336, 198.85647996903552
428.9297544559945, 151.43926960940104
280.0867499762017, 221.03352651712842
433.2349536315364, 150.2193180638307
395.12762541465787, 159.41885191491886
296.4623925453046, 207.9643643244379
214.91002208752147, 287.44654090943806
386.7392068936985, 161.42698536943965
223.87070208721502, 275.09631489620915
205.75383634237997, 299.2122496907156
259.7154584738339, 236.48352917497513
333.58200957437236, 184.0520947283121
302.2929442299878, 202.63853289056445
253.78104423154429, 241.31852834624436
245.04438149251737, 249.48751867102607
408.20003575363893, 153.370010747353
231.76831933536147, 263.43651226835294
209.1242735421623, 291.86402814458603
217.80391429344894, 279.9516807958691
361.76334791273445, 168.9075888252734
401.3288231477451, 154.75289403452265
283.7830306064125, 214.07634115083715
348.4954323496541, 174.6611163415358
338.6977432469247, 179.30467097711656
238.41755106843334, 254.89888900854822
319.33860115054875, 189.69767905334726
375.8336524214466, 162.72025619872974
272.3316887401033, 222.21274512729886
226.48151813554227, 267.44463311169625
289.00262631522247, 209.08044675439322
265.7354062190826, 226.79927365332
325.38909679886086, 184.83416708798893
367.66721425196056, 164.4188198655935
354.1345510645786, 169.92794924807532
305.63487043590004, 195.42269325413895
398.0642843720649, 152.66329418782055
380.8984727484436, 158.243706858979
311.5102252599074, 190.5551077345499
342.03152338010995, 172.75481496482357
275.2785306794306, 214.80953398803413
259.0474805102204, 228.48154362464214
390.39068386323635, 153.17245614100923
210.23010304518894, 281.758186611197
231.2754821960527, 256.1086569292324
207.3097362332359, 284.8314864567689
201.2979345607142, 293.1511889032206
291.47699603638415, 201.8198006283371
298.1078992361574, 197.0621937736369
216.41297224497748, 272.11262750851705
241.04465978356325, 243.81749406336954
328.4214722411473, 177.76089246477207
224.8380483538827, 260.19417061052627
281.71800090944515, 206.57129793376367
219.72638745701957, 265.5322216643287
347.8111622405866, 166.8709420552818
360.43146528254516, 161.20702751828063
334.0320799622017, 173.28637964144593
265.0572457948975, 218.9785500565523
233.6337699898432, 248.60972378281423
370.1008536094873, 156.43109097299572
314.6790475507081, 183.0907974528762
248.72029668023637, 232.8094178805288
283.8359798184636, 203.26785661214646
340.24753345289815, 168.95035879847936
227.7828533840168, 253.65857125596884
353.3851123736952, 162.57361763129026
320.5462563019885, 178.96251431975793
304.266330217765, 188.25573366157474
383.2547241543895, 150.41076312090067
310.27609550244205, 183.94415205846644
209.57638083918482, 273.5403167639357
241.86944951683427, 236.59350783986395
375.7908851486184, 151.8588191047101
200.21654327586853, 285.2327062614934
274.3844990673058, 207.47556909963987
217.35995359050204, 261.6829595297355
257.6361735406058, 220.38790962138646
297.72299743014406, 189.80358520676833
267.78414377059596, 211.64254813035183
251.64270040138268, 225.38380401783039
364.67760556115365, 154.68975785430746
290.1634419394935, 194.1314594626551
203.2591011787265, 278.1349918770366
350.39754007073304, 159.82007119826176
211.60067965116855, 266.0332370304376
327.04071317459614, 170.24159258996318
232.44444337170202, 241.47942357141926
220.25180888723636, 254.18809941616658
355.8676276462352, 155.19077322041633
226.8114343416599, 245.9335701877361
332.7714750773622, 165.79355604430162
266.1162352494067, 208.97454112235366
342.41438879827865, 161.04409577668127
313.26366728405566, 176.34134979643335
260.27550110415194, 213.46534711983975
277.718279200491, 199.1395740004098
361.4782353672896, 151.80790306580565
241.36235661991603, 229.59355302174845
282.51427964884596, 195.1823691959708
293.7232757211899, 187.13557767738865
319.3345283748596, 171.22732962663906
235.37702955341993, 234.14953171587408
299.3094452240634, 182.33927440371315
202.10643214853118, 271.01283825272156
305.48824112681405, 177.5185318901793
250.48392168630494, 217.82580772404623
244.7124288985552, 222.2188546765727
269.0508578189692, 201.1395608678507
209.84112794213783, 258.4833873237334
285.24321401238905, 187.9420897983054
204.4687932393595, 263.44669537185746
218.61852156614833, 246.52827052319208
335.2214065803429, 158.29869593073252
348.67260904045474, 151.7244001571998
291.721378218194, 182.46758328056802
212.73909344510312, 251.94778796917592
321.52174864138317, 164.34957361472297
253.76067931040117, 210.70569061615564
228.04149132343602, 234.14953171587408
258.8397559163564, 205.42873922614368
221.70588312967914, 240.15152987738472
308.2232851752395, 170.40656084798712
341.0336297317275, 153.1113569986003
327.57428067753995, 159.60011334710262
237.42983988062244, 223.47139257046285
271.9427136370521, 193.89928147018526
313.48361176903325, 165.83836253393218
277.6001608852753, 188.75063843564655
298.14251991491, 174.58983357424052
230.9761138929985, 227.9560890186751
267.942991928098, 193.9237212314252
261.8171452373984, 198.67725505327638
245.95063195305838, 211.60792526560738
205.3383866333033, 252.6035879684223
284.42860673968954, 180.51036586495147
239.6801928624661, 215.98060601112476
290.65016939391984, 176.18860115833854
215.3723118451155, 240.15152987738472
329.7900124592823, 152.2193054526532
301.2787579148027, 167.71411407874905
319.94548382938416, 156.73047817852998
208.25060737252932, 245.4956910018426
222.8626254569123, 228.87054328805587
254.02135363766496, 199.86054669629598
325.82083865339155, 152.3252110846928
276.49840467928647, 182.0052643334344
217.3579166813088, 233.56094092969198
270.3766312856247, 186.37183500829633
306.6388737691649, 162.41679596034635
247.81608260754007, 203.91958357854372
229.68292471725098, 220.3471766859867
312.5773607871436, 158.51254371123642
287.69925467890346, 173.33118613107652
293.26505926063373, 168.36176801229712
299.6108493936135, 164.21719170501902
233.10223887474396, 213.65882869333433
257.0516926921068, 192.4471524535267
238.23833746843948, 208.25560442151044
263.24474435246697, 187.3881218768676
279.7140670186046, 174.65500627088034
207.52153412413773, 237.83382559244333
309.7486371630321, 155.53292987777485
222.35145926295627, 221.74024307666087
201.75615102127043, 242.80528074902898
269.8064061947351, 179.09489622946185
315.0252559022797, 150.80179930073896
215.80812647533534, 226.11292330079664
246.65323111677313, 196.9929480441478
240.84508074107762, 201.57744005374437
209.83501877860405, 231.11900132212656
265.44622037659997, 181.07655340631828
230.62379637789317, 209.97657133318953
301.5903455876217, 156.59809626882577
225.0009698084226, 214.41442425396497
286.10873410929497, 165.43103317993388
291.84356930909894, 161.32311677520633
219.1622720510124, 219.08445568859185
250.04199737120265, 189.63454339451368
255.94179041339103, 184.83213005018283
272.61069160066563, 171.9503393603315
233.27941608689324, 202.6466794776445
278.34145402478043, 166.83835570696198
202.07995754250564, 232.2513769262419
211.33389616037098, 220.25145415745166
242.67591071680667, 190.62435346403876
258.7806964980742, 177.78736874243657
294.52362723627994, 153.68365461062254
264.6417960858208, 173.11937486699736
236.03278866861734, 195.69560418200868
218.18270641457985, 211.42462731699882
223.24549087508106, 206.40021960508443
205.01254372422352, 224.52026578735394
281.16203157616496, 159.50642733499222
286.83780735768664, 154.99932816334626
232.07990648683187, 195.0520238026913
250.96250306800434, 179.1376656812864
244.9771765228569, 183.45943038789932
226.07625140838584, 199.7444579607519
201.04540630617737, 224.26772158787503
267.25464852199264, 165.95037823662707
272.8713659279295, 160.9829966342723
210.24028602710916, 212.3940706581334
257.18813954062114, 170.5246866213375
262.94333966156813, 166.01555093326675
235.18356071716534, 187.4756978183227
203.79470559086354, 217.176117795455
218.72034721456146, 200.42062468838913
213.00180416021155, 205.16397488535412
279.6733366549696, 151.97694435667867
238.8105994685223, 181.0011976061741
249.85871047417098, 172.1804803149951
243.8224705834683, 176.11120884176975
227.8052552143532, 188.5021677903985
265.73133344339345, 158.1602039503731
221.61016664479976, 192.97871713014905
271.9488233219345, 153.62662850106278
205.3526423909127, 206.41447574143805
236.0185329110079, 177.31486669179858
246.52289395314122, 168.87092944410432
258.80920801329296, 159.47587802447862
252.13757444988474, 164.32309733705844
229.91508805064467, 181.73235392694642
211.57420504514297, 197.762800262514
206.49309257269186, 201.82998425322327
220.38825573575062, 186.07652135699306
214.90798517832818, 190.6019507406051
238.78819763818592, 170.00534156464414
261.19804371014686, 151.7325467442797
245.24396001365443, 161.46568178841497
228.67077531125915, 174.11936804002715
251.23539676503296, 156.22131622534118
222.8341144630421, 178.73440988151893
207.27918833017247, 191.89522104851355
200.6747597364248, 196.16199616199134
237.75771969889547, 161.78136216810907
232.10841800205068, 166.1296031523864
215.27048567535374, 179.76698992424983
209.3788387058924, 184.88915615974258
240.7106708017565, 155.12763704020117
246.37830103189984, 150.45964264338045
224.10693819629785, 167.7976164659733
217.92610538435383, 172.89330694518299
229.77456842644116, 161.46160823418413
242.04459034113898, 150.12563257310188
225.10686823252487, 163.1296220691525
219.4392385237302, 167.12959632541603
203.159311918158, 181.1111762710629
234.44226757766017, 150.958620971683
211.5925340997902, 169.21104958503835
228.17386487491248, 155.24168925932062
205.94730517863456, 174.0847451752827
220.75482900846538, 156.49422715321097
214.4110752633302, 161.43513195651957
205.25692590603333, 166.86279598958336
206.58269885134013, 162.81190517303392
213.29302639053873, 153.59607866916758
205.70699629386257, 155.38425427252926
