12, 86
71, 6
3, 98
183, 123
15, 107
196, 117
161, 224
278, 65
33, 129
264, 200
92, 224
45, 206
201, 145
273, 36
155, 127
183, 206
26, 80
275, 242
132, 229
114, 206
138, 242
109, 109
137, 105
24, 95
161, 141
73, 134
178, 95
97, 252
261, 27
27, 184
270, 145
196, 48
55, 111
192, 20
251, 54
178, 26
156, 196
104, 81
179, 246
93, 292
142, 202
43, 103
152, 15
64, 229
150, 99
246, 178
121, 288
247, 246
293, 264
132, 76
292, 196
78, 230
68, 188
201, 228
260, 42
86, 211
279, 270
274, 173
110, 246
225, 113
218, 99
108, 294
170, 38
74, 202
260, 172
17, 211
229, 224
138, 173
255, 14
72, 217
115, 274
283, 9
288, 38
133, 145
45, 138
291, 279
201, 77
223, 127
200, 8
174, 66
113, 138
269, 228
251, 275
90, 239
112, 11
272, 51
120, 220
30, 109
49, 166
91, 156
166, 169
127, 132
174, 218
21, 121
288, 167
156, 44
156, 264
233, 32
268, 92
251, 206
297, 224
270, 214
152, 236
189, 220
205, 105
160, 155
63, 160
39, 193
96, 184
207, 242
215, 139
173, 149
62, 18
23, 224
87, 128
247, 26
150, 251
265, 269
119, 235
37, 89
42, 117
269, 297
143, 270
89, 29
115, 123
207, 90
23, 156
116, 39
223, 279
203, 130
11, 276
2, 113
172, 81
85, 142
92, 72
264, 132
243, 135
287, 251
11, 147
241, 149
35, 233
189, 136
168, 53
286, 53
122, 103
192, 89
109, 178
70, 242
260, 240
41, 178
273, 257
242, 218
51, 152
178, 178
38, 287
5, 202
9, 162
211, 119
165, 101
128, 48
91, 87
100, 2
17, 46
119, 82
56, 4
237, 121
255, 144
6, 72
250, 69
251, 123
95, 116
265, 117
175, 135
125, 248
286, 182
259, 104
288, 236
69, 105
188, 151
268, 160
154, 211
201, 297
250, 289
42, 246
104, 233
228, 3
229, 72
164, 24
8, 222
134, 214
290, 74
131, 91
283, 139
20, 135
168, 121
263, 63
224, 44
115, 54
102, 280
256, 83
98, 17
34, 68
106, 66
223, 210
128, 200
179, 163
105, 150
202, 62
33, 258
206, 173
229, 141
218, 30
83, 15
160, 72
101, 212
297, 292
210, 285
211, 202
282, 154
233, 252
110, 94
279, 202
206, 22
211, 270
141, 133
196, 200
282, 222
247, 95
20, 264
54, 194
276, 80
50, 235
67, 120
167, 238
82, 251
13, 25
185, 108
275, 21
137, 257
97, 101
165, 252
25, 34
187, 234
146, 223
278, 285
296, 156
88, 43
190, 103
173, 233
120, 151
60, 140
205, 257
52, 220
183, 275
245, 110
131, 160
57, 215
233, 101
151, 167
8, 58
31, 144
218, 182
213, 2
10, 291
5, 262
282, 24
60, 269
159, 87
140, 6
211, 50
15, 236
241, 81
248, 163
177, 109
103, 266
148, 147
269, 8
164, 184
5, 37
75, 270
229, 292
194, 248
37, 218
223, 59
183, 54
68, 257
143, 119
216, 230
88, 264
156, 113
257, 220
13, 251
185, 260
161, 292
78, 162
130, 33
139, 21
236, 204
277, 126
180, 11
136, 188
205, 188
155, 59
147, 230
269, 77
214, 71
19, 196
22, 59
238, 60
252, 191
184, 191
224, 196
220, 167
56, 180
128, 117
273, 105
238, 280
258, 187
263, 283
273, 188
239, 45
87, 279
81, 182
61, 125
59, 200
124, 180
144, 85
210, 111
261, 157
32, 212
292, 127
37, 158
3, 52
241, 233
185, 6
44, 221
186, 75
225, 264
195, 131
72, 148
5, 134
150, 182
190, 35
266, 185
34, 22
14, 72
146, 71
253, 260
99, 136
245, 41
27, 245
60, 208
66, 282
228, 155
219, 251
184, 40
171, 197
81, 114
90, 170
107, 226
144, 187
69, 174
118, 166
47, 123
291, 210
149, 114
198, 34
126, 63
151, 30
27, 116
143, 50
187, 83
116, 260
21, 171
77, 20
245, 261
65, 297
159, 239
133, 297
109, 261
146, 2
103, 164
222, 294
168, 205
31, 205
295, 87
57, 96
266, 56
82, 99
259, 255
170, 129
107, 124
227, 87
21, 74
87, 196
129, 276
116, 192
29, 101
261, 248
108, 193
48, 260
207, 158
169, 212
128, 268
189, 68
256, 151
126, 5
240, 12
197, 269
61, 33
118, 24
32, 273
138, 90
26, 199
76, 34
195, 215
253, 39
266, 254
198, 102
152, 175
165, 9
285, 114
123, 111
205, 36
51, 281
245, 193
235, 17
233, 184
291, 59
102, 198
254, 227
162, 209
281, 86
161, 4
158, 29
12, 182
193, 96
121, 68
243, 5
171, 114
141, 217
276, 159
279, 50
17, 92
270, 15
134, 62
101, 129
170, 258
182, 47
171, 266
295, 18
188, 60
15, 175
8, 127
126, 215
32, 94
94, 57
117, 75
54, 126
210, 216
220, 85
86, 8
103, 45
208, 125
164, 93
146, 161
264, 71
106, 218
278, 194
36, 172
235, 238
23, 285
18, 100
62, 175
83, 258
79, 78
200, 159
237, 273
26, 278
145, 154
123, 172
189, 288
180, 232
155, 279
98, 238
101, 38
220, 16
172, 12
6, 119
29, 169
283, 230
100, 122
129, 208
146, 139
139, 159
142, 42
103, 96
35, 115
124, 20
187, 143
164, 245
20, 67
282, 93
262, 78
110, 26
134, 282
75, 119
177, 193
100, 144
148, 215
56, 248
104, 30
74, 27
53, 187
257, 288
124, 240
55, 240
263, 215
213, 153
59, 132
77, 93
193, 179
149, 283
120, 118
9, 65
49, 24
35, 165
82, 190
135, 120
280, 187
227, 239
39, 272
78, 291
14, 190
282, 291
210, 42
105, 241
147, 78
214, 222
100, 52
33, 197
265, 48
77, 154
202, 214
47, 16
234, 169
83, 107
113, 69
31, 47
167, 17
48, 131
248, 232
91, 14
113, 221
194, 164
278, 263
236, 295
240, 164
144, 255
66, 203
254, 159
294, 181
7, 237
123, 263
17, 289
192, 240
117, 97
176, 226
22, 13
177, 261
35, 7
271, 282
255, 234
248, 33
232, 267
232, 176
238, 190
191, 171
141, 65
233, 161
227, 18
221, 152
168, 273
195, 283
289, 23
95, 267
24, 293
50, 295
126, 12
64, 146
285, 45
215, 78
239, 266
174, 287
295, 239
94, 199
170, 106
220, 258
193, 157
198, 208
54, 255
77, 245
296, 26
281, 255
43, 10
167, 154
39, 143
195, 63
180, 80
273, 166
80, 197
99, 205
14, 122
256, 212
289, 153
236, 288
140, 126
210, 133
284, 147
24, 141
111, 254
182, 137
52, 91
181, 221
86, 58
62, 243
297, 3
103, 23
2, 209
162, 278
213, 104
188, 129
116, 90
122, 255
278, 133
216, 125
287, 99
4, 296
85, 244
292, 66
250, 138
82, 122
125, 96
243, 286
144, 35
220, 236
126, 165
198, 276
176, 142
48, 181
30, 238
165, 32
111, 163
65, 214
89, 102
51, 83
276, 209
29, 219
216, 146
69, 21
106, 286
140, 57
285, 215
130, 193
40, 35
101, 60
294, 102
135, 289
271, 130
238, 107
57, 294
49, 227
80, 215
75, 169
232, 93
57, 147
235, 136
9, 112
212, 85
77, 223
15, 60
177, 41
47, 191
11, 197
22, 239
190, 187
183, 32
29, 55
144, 237
45, 267
152, 84
158, 249
123, 194
94, 108
46, 275
190, 255
157, 181
182, 115
20, 231
267, 23
266, 276
236, 53
263, 13
65, 85
50, 9
46, 77
192, 262
129, 185
76, 177
97, 169
283, 208
162, 108
217, 197
36, 150
58, 12
249, 130
53, 288
257, 136
93, 141
272, 120
261, 179
4, 216
235, 86
258, 58
76, 237
181, 148
166, 86
177, 18
137, 36
174, 157
49, 98
228, 133
163, 116
40, 82
287, 30
153, 244
118, 144
81, 284
239, 197
186, 227
279, 100
70, 90
257, 67
276, 227
264, 291
169, 190
222, 244
237, 212
230, 108
36, 104
267, 40
199, 243
78, 70
289, 175
43, 153
231, 126
43, 232
21, 249
162, 57
141, 285
123, 89
253, 90
208, 57
176, 51
79, 55
61, 254
217, 215
280, 119
212, 35
100, 273
79, 147
204, 29
130, 253
64, 168
106, 157
215, 9
217, 64
84, 225
64, 100
254, 98
203, 282
212, 16
131, 261
97, 9
90, 272
209, 65
257, 118
39, 74
259, 35
42, 186
121, 187
113, 289
144, 27
27, 19
288, 88
203, 97
125, 27
215, 291
244, 294
131, 244
289, 244
25, 270
198, 185
151, 190
154, 142
130, 125
118, 227
274, 44
83, 168
9, 93
170, 280
242, 66
250, 199
276, 277
232, 47
217, 114
28, 253
92, 3
250, 116
43, 56
83, 236
140, 227
205, 14
191, 194
244, 74
230, 191
7, 12
208, 209
87, 218
182, 289
260, 263
148, 55
242, 20
256, 129
280, 237
172, 164
276, 29
248, 11
277, 217
52, 44
227, 148
238, 129
151, 107
67, 46
218, 132
88, 113
199, 92
284, 60
145, 93
285, 284
6, 248
94, 130
212, 186
238, 258
221, 23
128, 139
126, 233
107, 51
132, 18
239, 114
138, 14
272, 249
272, 181
89, 204
125, 146
112, 231
121, 137
294, 250
141, 194
10, 101
58, 154
167, 136
6, 187
255, 166
283, 161
11, 32
18, 128
116, 158
167, 68
186, 166
162, 126
176, 294
133, 8
74, 284
26, 149
198, 254
147, 208
195, 234
46, 146
239, 96
285, 266
290, 142
232, 24
160, 64
38, 226
232, 245
158, 80
2, 159
153, 152
73, 263
288, 258
84, 84
213, 237
53, 30
198, 124
81, 63
217, 265
75, 49
213, 256
254, 29
39, 28
263, 233
193, 5
172, 182
230, 209
222, 92
294, 33
260, 111
214, 245
216, 56
253, 109
94, 278
59, 223
165, 161
250, 19
230, 57
107, 74
140, 209
255, 295
280, 40
12, 133
6, 270
99, 227
291, 81
193, 28
41, 110
14, 168
10, 230
119, 60
284, 79
109, 279
106, 88
66, 61
134, 131
275, 72
154, 160
10, 50
168, 61
95, 93
293, 286
192, 111
116, 282
271, 113
187, 14
142, 262
164, 176
84, 175
128, 291
99, 86
293, 113
276, 141
65, 236
129, 56
243, 226
163, 199
10, 4
181, 69
226, 180
8, 176
18, 150
224, 287
71, 209
134, 153
8, 256
106, 136
274, 234
149, 132
268, 31
28, 124
18, 81
97, 31
37, 43
171, 23
70, 113
264, 2
112, 152
200, 110
249, 148
279, 179
73, 42
47, 62
46, 31
45, 88
17, 143
153, 74
204, 271
18, 256
40, 262
202, 236
95, 176
270, 66
284, 276
147, 291
262, 164
25, 209
210, 194
5, 84
18, 279
163, 40
11, 40
20, 21
227, 170
170, 45
65, 153
158, 170
55, 172
235, 68
112, 130
105, 172
24, 163
294, 272
76, 255
49, 116
76, 12
267, 244
217, 283
242, 89
258, 50
64, 77
267, 261
185, 175
79, 129
24, 191
238, 38
98, 67
4, 278
11, 215
127, 283
295, 170
249, 221
111, 186
15, 10
187, 295
72, 296
3, 148
262, 225
253, 175
98, 220
33, 83
131, 41
89, 286
231, 199
295, 148
31, 2
16, 115
19, 38
63, 92
80, 265
204, 222
285, 67
174, 74
148, 276
72, 277
220, 38
235, 154
67, 222
272, 272
244, 57
135, 97
85, 22
268, 138
260, 20
290, 294
191, 122
244, 277
200, 262
262, 97
22, 216
235, 219
140, 148
208, 76
6, 141
215, 161
157, 203
101, 190
199, 193
93, 209
151, 259
93, 232
59, 283
85, 92
28, 9
166, 219
226, 29
176, 272
171, 96
287, 190
262, 147
23, 106
195, 82
2, 63
156, 36
122, 53
4, 194
59, 71
52, 137
232, 115
11, 79
258, 271
51, 201
267, 153
134, 112
38, 97
148, 63
71, 141
97, 151
122, 205
212, 169
226, 51
84, 157
294, 42
2, 181
203, 203
220, 107
280, 169
165, 230
88, 135
194, 73
251, 267
27, 26
75, 109
31, 283
124, 158
205, 83
226, 272
117, 250
209, 277
176, 120
33, 179
38, 208
265, 208
105, 15
266, 106
95, 245
91, 64
199, 175
3, 44
93, 191
149, 198
12, 284
116, 109
36, 53
81, 40
231, 277
55, 19
68, 13
158, 11
181, 62
53, 76
255, 75
142, 111
134, 221
34, 266
62, 193
217, 45
267, 175
58, 233
180, 170
126, 224
222, 141
112, 80
26, 260
3, 288
244, 203
76, 85
260, 90
176, 33
29, 229
122, 273
166, 77
42, 164
110, 60
168, 144
81, 205
145, 246
275, 91
30, 40
154, 51
41, 213
248, 213
79, 277
132, 237
174, 240
100, 295
196, 291
153, 92
122, 125
73, 65
251, 184
156, 135
43, 292
178, 212
102, 258
184, 90
78, 140
209, 144
45, 284
279, 111
61, 117
285, 197
17, 161
141, 295
246, 49
31, 290
162, 48
250, 282
17, 271
103, 115
95, 42
157, 120
208, 7
196, 222
253, 6
45, 41
122, 295
149, 46
146, 19
219, 190
253, 46
129, 105
21, 6
181, 254
290, 160
199, 22
15, 226
236, 75
134, 167
183, 240
123, 35
157, 231
226, 98
234, 147
245, 170
119, 8
160, 148
10, 208
221, 119
221, 175
257, 279
102, 247
197, 56
125, 78
49, 159
294, 203
258, 205
169, 3
173, 252
259, 194
108, 211
89, 79
32, 190
186, 158
73, 126
221, 225
26, 88
281, 34
113, 46
20, 203
159, 217
173, 89
271, 60
136, 249
247, 254
268, 221
40, 132
149, 266
113, 171
205, 165
42, 3
272, 98
239, 174
143, 101
92, 122
113, 18
41, 20
209, 228
118, 268
157, 272
82, 30
30, 159
97, 286
218, 273
47, 252
225, 10
54, 273
112, 239
136, 46
66, 135
232, 260
176, 203
109, 269
158, 188
194, 13
211, 28
186, 248
188, 212
89, 149
179, 185
200, 69
239, 180
41, 200
245, 270
57, 165
280, 247
181, 267
63, 289
100, 74
17, 53
19, 30
138, 234
130, 175
199, 137
137, 29
40, 126
37, 295
293, 50
195, 149
153, 226
190, 53
113, 3
275, 151
267, 169
190, 44
119, 212
62, 109
109, 41
37, 279
49, 107
178, 87
68, 31
277, 57
172, 173
75, 187
3, 166
62, 276
150, 39
11, 243
64, 25
71, 98
13, 261
160, 133
43, 171
288, 3
128, 83
25, 177
36, 122
71, 231
177, 102
221, 73
184, 100
108, 143
162, 259
194, 143
187, 281
266, 193
226, 80
154, 295
159, 19
272, 199
35, 15
204, 117
95, 163
208, 293
177, 279
163, 192
190, 204
241, 31
31, 75
210, 263
89, 163
67, 249
281, 2
64, 4
55, 263
186, 25
248, 83
288, 107
138, 72
3, 228
53, 209
138, 140
82, 48
206, 151
181, 130
216, 207
91, 36
253, 251
135, 204
128, 70
152, 23
14, 17
113, 103
164, 267
226, 231
254, 244
47, 242
228, 216
118, 131
291, 11
136, 266
230, 283
85, 74
20, 186
198, 41
280, 16
115, 32
94, 259
247, 155
204, 48
191, 274
226, 250
241, 241
184, 21
139, 181
67, 69
252, 62
62, 261
105, 102
106, 6
79, 6
112, 116
65, 39
154, 67
68, 128
225, 66
168, 289
289, 223
147, 10
272, 266
203, 180
220, 4
33, 137
85, 292
286, 132
154, 220
243, 142
71, 81
214, 93
26, 132
69, 181
123, 43
27, 66
6, 106
102, 179
118, 243
295, 134
265, 125
230, 39
134, 84
180, 2
240, 249
182, 198
227, 204
24, 42
114, 214
234, 230
297, 74
16, 297
144, 169
35, 242
95, 24
6, 21
69, 196
226, 163
31, 61
20, 86
53, 67
58, 87
159, 164
244, 120
259, 7
73, 194
244, 102
199, 169
57, 104
132, 25
206, 138
212, 178
203, 249
175, 58
90, 248
248, 239
14, 203
244, 185
232, 10
292, 230
271, 289
90, 51
34, 249
193, 227
295, 216
157, 102
70, 163
285, 124
71, 226
269, 84
111, 199
33, 31
158, 96
60, 56
62, 183
263, 141
140, 277
8, 154
48, 174
144, 178
211, 97
55, 51
32, 225
203, 289
209, 250
69, 289
169, 225
185, 182
135, 198
39, 239
149, 122
89, 253
228, 120
133, 180
102, 106
117, 199
88, 185
171, 246
38, 253
55, 119
232, 80
108, 202
59, 48
104, 184
221, 159
24, 48
276, 8
296, 189
255, 22
288, 271
139, 80
117, 179
136, 273
30, 153
271, 204
171, 30
99, 157
188, 117
55, 37
44, 94
72, 75
59, 81
41, 49
244, 125
118, 16
205, 70
276, 12
157, 256
6, 29
161, 285
236, 5
46, 198
292, 94
72, 250
214, 23
268, 237
180, 154
202, 54
135, 52
168, 296
204, 197
220, 203
17, 244
85, 36
263, 85
20, 181
93, 216
290, 120
200, 85
83, 272
226, 255
47, 3
250, 103
282, 174
205, 2
12, 267
76, 102
237, 225
36, 185
128, 152
220, 51
287, 202
67, 270
276, 293
296, 121
110, 34
188, 268
67, 266
119, 47
52, 143
121, 279
14, 155
295, 164
225, 187
116, 295
267, 100
77, 210
86, 68
72, 57
41, 65
43, 69
90, 95
61, 64
