423, 361
394, 344
440, 298
440, 172
578, 379
498, 459
285, 155
515, 396
21, 419
595, 316
595, 189
354, 557
503, 63
331, 109
176, 92
67, 247
38, 574
147, 419
486, 252
274, 511
394, 218
417, 540
222, 46
440, 46
130, 356
113, 201
84, 528
164, 574
434, 476
130, 264
239, 201
84, 310
596, 63
503, 189
193, 373
176, 310
486, 126
67, 28
50, 92
291, 574
211, 528
561, 442
452, 379
147, 511
532, 299
159, 29
549, 235
549, 109
452, 413
67, 155
348, 264
21, 201
498, 586
302, 310
348, 172
549, 17
348, 46
532, 332
256, 356
194, 465
101, 591
423, 396
337, 494
222, 138
84, 402
319, 373
268, 92
38, 482
273, 419
101, 465
377, 281
176, 218
561, 476
130, 138
481, 523
113, 75
67, 373
285, 29
239, 327
394, 126
222, 264
544, 539
21, 293
377, 155
469, 315
302, 218
457, 109
549, 143
486, 379
21, 511
239, 109
331, 201
159, 155
377, 63
320, 465
285, 281
394, 92
424, 235
193, 247
579, 252
561, 568
457, 235
228, 557
549, 269
515, 362
418, 413
532, 172
332, 327
193, 155
227, 465
67, 465
210, 402
515, 522
331, 235
256, 264
176, 184
285, 247
38, 356
566, 80
113, 108
424, 109
578, 505
486, 218
50, 184
130, 45
285, 63
269, 218
240, 419
578, 413
164, 482
303, 402
84, 436
257, 448
315, 46
21, 327
131, 482
371, 494
354, 465
400, 477
503, 316
96, 45
481, 556
21, 545
239, 293
544, 505
365, 327
222, 172
533, 206
101, 557
227, 591
50, 310
21, 74
113, 293
532, 459
377, 29
566, 46
348, 356
457, 17
147, 327
578, 539
96, 138
533, 80
257, 574
67, 120
590, 586
286, 373
451, 540
210, 310
440, 80
302, 92
411, 63
464, 586
101, 373
566, 172
595, 442
257, 482
498, 493
394, 252
348, 298
83, 92
67, 339
131, 574
159, 247
210, 436
118, 528
33, 29
378, 189
520, 126
503, 155
533, 46
579, 126
147, 201
147, 545
130, 448
193, 281
315, 172
411, 281
320, 557
50, 218
470, 189
84, 184
336, 402
83, 218
222, 11
114, 327
337, 528
486, 92
206, 109
239, 75
400, 510
38, 448
147, 293
193, 29
566, 206
308, 511
210, 494
193, 339
417, 447
176, 402
37, 264
435, 442
96, 12
114, 419
469, 281
130, 230
383, 448
423, 327
440, 264
486, 344
595, 350
331, 16
417, 573
549, 396
348, 138
331, 75
562, 316
470, 63
424, 17
55, 511
411, 155
291, 540
194, 557
411, 189
244, 528
68, 591
291, 448
290, 482
130, 11
498, 425
206, 201
20, 109
194, 591
159, 62
205, 75
302, 344
223, 356
239, 235
382, 390
130, 172
67, 281
164, 448
596, 97
503, 29
549, 362
55, 545
50, 57
256, 390
457, 143
159, 121
503, 281
434, 510
440, 332
595, 223
55, 419
440, 206
365, 235
84, 494
143, 92
164, 356
268, 125
469, 442
388, 557
394, 310
365, 109
371, 586
595, 281
181, 511
269, 310
130, 390
366, 419
468, 477
97, 264
595, 155
315, 264
337, 586
319, 281
273, 327
21, 385
516, 269
532, 425
583, 17
255, 172
516, 236
595, 476
314, 138
256, 46
268, 184
34, 155
514, 557
464, 493
527, 569
302, 126
177, 436
440, 138
251, 29
579, 286
361, 218
227, 373
9, 591
349, 390
485, 413
37, 138
520, 252
578, 345
222, 230
383, 540
252, 155
361, 126
209, 218
424, 143
113, 166
423, 201
320, 431
515, 430
146, 109
101, 499
285, 188
192, 63
160, 281
66, 62
101, 247
545, 413
147, 385
37, 390
378, 373
411, 29
562, 350
256, 138
21, 166
434, 568
464, 460
240, 511
50, 402
176, 57
361, 92
411, 315
285, 120
354, 522
67, 557
176, 125
469, 155
160, 373
407, 390
474, 46
252, 63
177, 528
486, 33
377, 247
303, 436
274, 545
348, 80
384, 574
566, 299
469, 349
285, 339
565, 333
528, 477
68, 499
181, 545
97, 172
331, 293
457, 269
354, 591
474, 172
395, 378
336, 436
239, 385
452, 345
417, 505
370, 528
324, 574
72, 574
595, 29
51, 436
482, 396
578, 218
591, 459
515, 488
354, 431
33, 121
84, 275
503, 97
176, 275
407, 298
545, 379
302, 184
257, 540
101, 339
193, 120
33, 247
579, 160
583, 143
473, 80
37, 46
407, 172
447, 557
113, 234
189, 46
499, 333
348, 11
163, 264
181, 419
117, 436
516, 143
100, 155
38, 230
378, 315
147, 75
164, 540
365, 201
134, 592
579, 34
163, 390
198, 574
238, 16
451, 505
457, 201
314, 12
50, 276
424, 269
194, 499
498, 551
96, 230
319, 155
531, 586
519, 34
143, 218
321, 591
176, 343
481, 430
193, 431
364, 17
520, 92
516, 109
517, 17
440, 11
100, 281
114, 511
303, 494
51, 528
407, 46
304, 528
365, 361
274, 476
457, 362
315, 80
210, 92
400, 569
394, 183
561, 408
583, 109
486, 286
205, 16
331, 142
67, 212
298, 109
531, 493
38, 539
97, 356
451, 447
481, 488
21, 453
54, 327
595, 569
532, 264
450, 574
590, 552
209, 344
118, 402
84, 344
33, 62
486, 159
113, 385
223, 390
9, 465
79, 75
423, 75
268, 57
365, 384
549, 200
80, 109
227, 499
130, 321
562, 190
469, 29
502, 350
206, 235
469, 407
273, 385
511, 540
454, 253
318, 63
206, 327
142, 184
537, 63
503, 223
146, 235
388, 431
520, 218
457, 74
245, 494
260, 592
211, 585
50, 125
84, 57
239, 166
159, 339
394, 33
113, 16
115, 546
427, 126
37, 172
84, 561
387, 465
20, 234
71, 483
262, 557
222, 79
67, 431
367, 511
147, 453
334, 345
255, 298
595, 407
447, 523
473, 207
361, 252
316, 298
578, 470
408, 80
289, 391
549, 74
383, 413
578, 92
242, 437
405, 494
307, 419
80, 201
118, 494
591, 493
130, 540
362, 345
377, 120
499, 299
256, 229
287, 466
270, 344
17, 92
319, 247
319, 338
210, 184
101, 430
527, 443
301, 252
205, 293
35, 374
9, 557
561, 533
118, 310
241, 545
532, 138
130, 102
271, 236
176, 495
317, 190
38, 11
7, 500
34, 281
253, 282
544, 573
532, 366
51, 344
426, 253
147, 476
299, 17
100, 29
519, 160
222, 297
582, 270
307, 545
142, 58
435, 407
55, 293
222, 102
388, 523
574, 523
225, 483
454, 127
348, 228
83, 126
380, 299
113, 39
54, 201
474, 299
143, 126
7, 374
225, 282
470, 97
96, 103
191, 173
561, 282
192, 189
189, 138
364, 143
143, 310
320, 523
515, 327
273, 201
325, 540
406, 265
99, 391
196, 483
300, 236
563, 224
252, 247
21, 475
544, 596
161, 173
159, 188
208, 127
135, 557
319, 29
536, 190
400, 442
394, 56
337, 457
331, 165
160, 466
245, 585
575, 557
272, 109
256, 11
84, 366
126, 29
188, 12
346, 64
322, 483
84, 585
547, 431
273, 293
549, 50
302, 274
290, 356
361, 311
348, 206
467, 511
98, 64
130, 297
227, 430
21, 257
421, 431
135, 465
428, 218
253, 189
583, 235
205, 167
409, 207
38, 321
457, 327
563, 64
50, 148
179, 328
251, 121
128, 64
99, 483
319, 392
470, 223
54, 453
365, 74
548, 523
117, 562
147, 166
564, 98
518, 287
561, 510
399, 405
486, 308
114, 453
486, 182
411, 246
176, 147
285, 210
256, 320
223, 449
566, 137
549, 326
463, 552
19, 219
544, 471
132, 501
334, 420
159, 212
489, 18
535, 98
302, 365
193, 211
254, 80
51, 110
240, 346
348, 318
273, 438
381, 173
274, 566
377, 96
501, 207
68, 392
286, 300
239, 255
386, 592
347, 191
163, 501
257, 410
115, 219
298, 201
210, 561
350, 449
566, 10
471, 334
366, 477
379, 81
453, 219
37, 501
238, 127
194, 392
211, 547
210, 456
353, 484
269, 252
67, 301
332, 254
82, 328
227, 520
176, 237
598, 81
146, 346
532, 388
113, 128
273, 452
545, 558
269, 18
84, 456
85, 547
113, 256
503, 118
285, 82
162, 46
130, 283
21, 346
290, 593
428, 92
21, 39
394, 145
145, 17
394, 272
223, 191
245, 402
440, 226
193, 301
164, 138
548, 288
115, 345
128, 156
331, 37
371, 459
148, 565
67, 83
50, 19
67, 174
22, 564
456, 36
101, 520
83, 237
302, 56
425, 35
352, 374
488, 144
65, 47
147, 438
410, 97
175, 19
549, 162
481, 576
550, 36
261, 465
258, 501
417, 594
393, 18
66, 188
51, 237
240, 452
378, 208
314, 230
131, 410
55, 385
362, 34
440, 99
533, 225
190, 265
360, 184
399, 417
394, 363
130, 192
596, 117
502, 81
297, 75
223, 64
595, 243
402, 529
408, 333
290, 501
487, 54
54, 564
268, 276
561, 495
21, 438
332, 127
210, 275
338, 547
20, 128
418, 467
590, 426
497, 513
101, 121
193, 406
578, 432
365, 292
20, 16
486, 271
528, 510
67, 406
469, 370
434, 530
160, 82
512, 575
532, 352
503, 244
222, 321
163, 593
179, 454
210, 365
532, 11
382, 46
439, 317
594, 369
177, 365
81, 17
269, 145
348, 100
50, 495
456, 162
593, 334
175, 110
579, 306
485, 540
301, 145
118, 584
235, 92
515, 450
451, 432
37, 410
433, 495
227, 339
239, 37
308, 476
384, 481
238, 142
129, 79
25, 529
406, 139
274, 530
33, 340
315, 357
499, 367
548, 303
456, 396
354, 576
320, 498
424, 290
368, 437
208, 420
194, 520
565, 114
37, 516
563, 368
378, 336
132, 374
439, 352
285, 173
191, 81
581, 52
238, 219
515, 415
333, 361
596, 208
576, 574
269, 403
469, 569
578, 596
515, 202
406, 586
549, 176
268, 33
161, 299
340, 512
370, 548
424, 163
180, 564
440, 191
336, 310
96, 79
394, 159
344, 156
239, 478
346, 282
482, 449
451, 468
510, 506
469, 246
411, 119
38, 593
255, 374
455, 288
301, 328
206, 37
68, 265
482, 362
227, 247
533, 113
307, 566
84, 147
393, 236
532, 551
68, 519
225, 575
418, 558
98, 190
580, 179
319, 406
547, 253
163, 409
566, 263
315, 100
532, 239
285, 432
146, 255
225, 156
300, 34
35, 466
100, 407
315, 205
519, 53
370, 403
99, 299
72, 356
325, 448
149, 529
498, 478
176, 251
36, 298
544, 446
73, 448
334, 219
520, 379
498, 389
383, 506
577, 446
564, 460
331, 386
441, 64
304, 455
164, 230
382, 264
33, 213
464, 527
480, 589
492, 109
17, 184
344, 29
450, 593
474, 137
19, 311
564, 241
363, 270
283, 47
406, 460
130, 515
561, 156
16, 58
500, 173
592, 512
516, 303
578, 397
464, 426
225, 408
206, 142
34, 82
9, 247
38, 103
35, 190
453, 93
96, 449
55, 475
422, 380
289, 409
544, 346
430, 587
395, 394
558, 587
207, 253
392, 110
243, 562
55, 75
51, 365
239, 359
317, 316
79, 168
504, 442
80, 294
527, 533
303, 587
83, 420
360, 58
114, 93
350, 409
538, 29
519, 180
470, 117
400, 543
406, 13
96, 322
411, 372
474, 10
163, 516
428, 345
331, 267
538, 155
285, 313
288, 265
456, 51
99, 575
549, 127
409, 224
10, 339
487, 506
533, 317
417, 480
549, 488
364, 163
271, 362
497, 526
287, 558
164, 320
112, 141
181, 475
142, 277
284, 96
255, 100
595, 533
353, 498
474, 264
199, 448
439, 388
515, 76
144, 144
112, 479
199, 540
423, 49
274, 75
382, 356
64, 139
20, 577
182, 385
175, 33
101, 211
560, 381
492, 236
480, 462
91, 511
158, 433
439, 367
49, 249
119, 184
112, 358
125, 122
567, 425
377, 221
176, 202
72, 539
182, 293
221, 203
408, 352
583, 72
78, 42
246, 310
218, 511
319, 120
175, 589
62, 13
254, 207
146, 37
451, 313
210, 57
127, 248
444, 492
572, 490
20, 359
188, 231
146, 360
521, 345
440, 112
143, 403
256, 513
594, 384
83, 468
500, 47
160, 558
512, 592
83, 251
165, 12
588, 522
237, 574
336, 559
383, 138
249, 217
577, 63
220, 418
559, 252
404, 234
468, 382
358, 281
192, 357
53, 580
394, 285
234, 185
493, 570
430, 461
583, 199
503, 407
9, 430
172, 76
437, 282
391, 328
19, 142
350, 541
456, 177
591, 300
433, 544
192, 313
514, 463
281, 139
289, 515
