472, 444
472, 555
472, 333
472, 666
582, 555
582, 444
394, 144
394, 855
394, 34
394, 965
472, 222
472, 777
582, 333
582, 666
550, 144
550, 855
550, 34
550, 965
660, 965
660, 34
660, 855
660, 144
472, 933
472, 66
472, 112
472, 887
394, 255
394, 744
582, 777
582, 222
550, 255
550, 744
504, 855
504, 144
361, 444
361, 555
316, 444
316, 555
582, 887
582, 112
582, 933
582, 66
283, 965
283, 34
660, 588
660, 411
504, 965
504, 34
394, 411
394, 588
283, 855
283, 144
628, 555
628, 444
660, 744
660, 255
361, 666
361, 333
394, 522
394, 477
504, 744
504, 255
550, 366
550, 633
316, 666
316, 333
394, 366
394, 633
316, 777
316, 222
628, 333
628, 666
660, 476
660, 523
550, 477
550, 522
394, 698
394, 301
550, 412
550, 587
361, 777
361, 222
738, 777
738, 222
771, 34
771, 965
283, 411
283, 588
316, 112
316, 887
550, 698
550, 301
628, 222
628, 777
738, 887
738, 112
660, 301
660, 698
472, 822
472, 177
205, 777
205, 222
771, 144
771, 855
316, 66
316, 933
504, 366
504, 633
362, 112
362, 887
205, 887
205, 112
362, 66
362, 933
738, 933
738, 66
426, 555
426, 444
440, 144
440, 855
628, 112
628, 887
660, 634
660, 365
693, 444
693, 555
738, 666
738, 333
440, 34
440, 965
504, 587
504, 412
628, 933
628, 66
504, 477
504, 522
426, 333
426, 666
927, 33
927, 966
283, 300
283, 699
205, 66
205, 933
127, 966
127, 33
283, 744
283, 255
849, 112
849, 887
394, 190
394, 809
693, 777
693, 222
504, 698
504, 301
693, 666
693, 333
582, 822
582, 177
849, 777
849, 222
660, 809
660, 190
440, 255
440, 744
283, 476
283, 523
17, 966
17, 33
550, 190
550, 809
173, 34
173, 965
426, 777
426, 222
693, 112
693, 887
817, 34
817, 965
849, 66
849, 933
238, 34
238, 965
693, 66
693, 933
771, 699
771, 300
283, 809
283, 190
127, 855
127, 144
426, 112
426, 887
426, 66
426, 933
472, 712
472, 287
95, 111
95, 888
238, 144
238, 855
173, 144
173, 855
738, 443
738, 556
816, 855
816, 144
440, 366
440, 633
927, 855
927, 144
440, 587
440, 412
440, 476
440, 523
504, 190
504, 809
615, 144
615, 855
738, 510
738, 489
205, 666
205, 333
615, 34
615, 965
706, 965
706, 34
771, 190
771, 809
440, 301
440, 698
518, 444
518, 555
706, 144
706, 855
95, 222
95, 777
771, 744
771, 255
518, 333
518, 666
95, 933
95, 66
283, 365
283, 634
582, 712
582, 287
362, 177
362, 822
472, 601
472, 398
316, 177
316, 822
771, 588
771, 411
17, 144
17, 855
251, 222
251, 777
472, 509
472, 490
628, 822
628, 177
615, 255
615, 744
706, 411
706, 588
251, 112
251, 887
472, 379
472, 620
518, 222
518, 777
881, 966
881, 33
582, 509
582, 490
238, 699
238, 300
959, 111
959, 888
927, 189
927, 810
738, 822
738, 177
582, 620
582, 379
738, 621
738, 378
316, 620
316, 379
615, 588
615, 411
251, 933
251, 66
127, 809
127, 190
316, 490
316, 509
816, 699
816, 300
173, 300
173, 699
582, 601
582, 398
518, 66
518, 933
394, 79
394, 920
518, 112
518, 887
127, 300
127, 699
660, 79
660, 920
440, 190
440, 809
615, 523
615, 476
205, 621
205, 378
49, 111
49, 888
426, 822
426, 177
348, 855
348, 144
348, 965
348, 34
251, 333
251, 666
173, 809
173, 190
17, 189
17, 810
817, 809
817, 190
706, 476
706, 523
283, 920
283, 79
238, 588
238, 411
706, 255
706, 744
550, 79
550, 920
615, 366
615, 633
615, 301
615, 698
394, 98
394, 901
238, 744
238, 255
849, 666
849, 333
927, 699
927, 300
238, 190
238, 809
362, 379
362, 620
706, 300
706, 699
205, 822
205, 177
550, 98
550, 901
362, 490
362, 509
927, 920
927, 79
881, 855
881, 144
693, 177
693, 822
329, 34
329, 965
959, 933
959, 66
329, 855
329, 144
771, 79
771, 920
362, 287
362, 712
959, 777
959, 222
537, 444
537, 555
127, 79
127, 920
17, 920
17, 79
628, 379
628, 620
537, 333
537, 666
628, 490
628, 509
628, 712
628, 287
660, 901
660, 98
49, 933
49, 66
472, 731
472, 268
348, 588
348, 411
693, 490
693, 509
205, 731
205, 268
49, 777
49, 222
693, 620
693, 379
348, 255
348, 744
816, 255
816, 744
895, 112
895, 887
738, 731
738, 268
173, 255
173, 744
504, 901
504, 98
706, 809
706, 190
316, 712
316, 287
17, 300
17, 699
504, 920
504, 79
348, 476
348, 523
329, 411
329, 588
582, 731
582, 268
849, 378
849, 621
849, 177
849, 822
127, 744
127, 255
316, 731
316, 268
615, 190
615, 809
849, 732
849, 267
537, 777
537, 222
426, 712
426, 287
173, 79
173, 920
251, 489
251, 510
895, 222
895, 777
817, 79
817, 920
895, 66
895, 933
362, 601
362, 398
329, 255
329, 744
518, 822
518, 177
803, 112
803, 887
348, 698
348, 301
771, 634
771, 365
329, 476
329, 523
706, 634
706, 365
803, 777
803, 222
160, 887
160, 112
628, 601
628, 398
537, 66
537, 933
537, 112
537, 887
63, 33
63, 966
283, 98
283, 901
927, 744
927, 255
251, 443
251, 556
596, 144
596, 855
160, 777
160, 222
362, 268
362, 731
348, 634
348, 365
596, 34
596, 965
95, 267
95, 732
881, 809
881, 190
803, 933
803, 66
426, 509
426, 490
95, 666
95, 333
329, 301
329, 698
238, 79
238, 920
160, 933
160, 66
881, 300
881, 699
426, 601
426, 398
426, 379
426, 620
628, 731
628, 268
738, 712
738, 287
440, 98
440, 901
251, 378
251, 621
693, 268
693, 731
596, 744
596, 255
440, 920
440, 79
348, 190
348, 809
693, 712
693, 287
251, 823
251, 176
95, 177
95, 822
784, 222
784, 777
316, 601
316, 398
329, 634
329, 365
784, 887
784, 112
816, 411
816, 588
17, 744
17, 255
407, 444
407, 555
771, 98
771, 901
550, 209
550, 790
95, 378
95, 621
518, 287
518, 712
238, 634
238, 365
394, 209
394, 790
407, 666
407, 333
881, 920
881, 79
173, 411
173, 588
725, 965
725, 34
973, 33
973, 966
329, 809
329, 190
849, 157
849, 842
63, 144
63, 855
771, 543
771, 456
784, 933
784, 66
596, 412
596, 587
205, 842
205, 157
596, 476
596, 523
725, 144
725, 855
283, 542
283, 457
205, 556
205, 443
959, 732
959, 267
706, 920
706, 79
472, 979
472, 20
596, 634
596, 365
407, 222
407, 777
596, 301
596, 698
504, 790
504, 209
95, 157
95, 842
537, 822
537, 177
205, 287
205, 712
127, 410
127, 589
472, 158
472, 841
251, 731
251, 268
518, 398
518, 601
881, 744
881, 255
660, 790
660, 209
49, 732
49, 267
738, 157
738, 842
803, 666
803, 333
426, 268
426, 731
407, 112
407, 887
518, 490
518, 509
407, 66
407, 933
615, 920
615, 79
582, 979
582, 20
270, 777
270, 222
725, 588
725, 411
582, 158
582, 841
459, 144
459, 855
127, 901
127, 98
518, 379
518, 620
959, 666
959, 333
992, 966
992, 33
459, 965
459, 34
817, 98
817, 901
270, 112
270, 887
927, 410
927, 589
316, 157
316, 842
238, 98
238, 901
173, 98
173, 901
693, 601
693, 398
784, 333
784, 666
959, 822
959, 177
615, 98
615, 901
927, 345
927, 654
63, 189
63, 810
927, 99
927, 900
82, 966
82, 33
141, 112
141, 887
49, 666
49, 333
973, 144
973, 855
238, 456
238, 543
959, 157
959, 842
459, 255
459, 744
270, 666
270, 333
270, 66
270, 933
127, 345
127, 654
959, 621
959, 378
596, 809
596, 190
771, 346
771, 653
160, 666
160, 333
17, 345
17, 654
725, 699
725, 300
817, 634
817, 365
49, 823
49, 176
706, 901
706, 98
283, 653
283, 346
660, 542
660, 457
725, 744
725, 255
141, 222
141, 777
895, 267
895, 732
362, 158
362, 841
895, 666
895, 333
173, 634
173, 365
17, 410
17, 589
440, 209
440, 790
63, 79
63, 920
49, 842
49, 157
49, 378
49, 621
536, 712
536, 287
17, 99
17, 900
141, 66
141, 933
803, 621
803, 378
348, 79
348, 920
895, 176
895, 823
283, 790
283, 209
63, 300
63, 699
849, 287
849, 712
362, 20
362, 979
803, 176
803, 823
550, 679
550, 320
316, 979
316, 20
251, 287
251, 712
628, 841
628, 158
725, 190
725, 809
270, 443
270, 556
660, 653
660, 346
725, 476
725, 523
647, 555
647, 444
674, 555
674, 444
329, 920
329, 79
394, 320
394, 679
459, 366
459, 633
693, 157
693, 842
738, 979
738, 20
173, 345
173, 654
628, 979
628, 20
394, 457
394, 542
895, 378
895, 621
738, 601
738, 398
127, 634
127, 365
973, 189
973, 810
160, 621
160, 378
348, 901
348, 98
160, 823
160, 176
459, 412
459, 587
205, 20
205, 979
82, 855
82, 144
518, 731
518, 268
459, 476
459, 523
817, 345
817, 654
803, 268
803, 731
992, 855
992, 144
647, 333
647, 666
504, 679
504, 320
849, 556
849, 443
537, 601
537, 398
160, 731
160, 268
407, 822
407, 177
459, 698
459, 301
674, 333
674, 666
784, 378
784, 621
537, 509
537, 490
862, 33
862, 966
973, 79
973, 920
927, 455
927, 544
219, 34
219, 965
674, 222
674, 777
784, 823
784, 176
394, 346
394, 653
127, 544
127, 455
881, 589
881, 410
647, 222
647, 777
895, 157
895, 842
849, 979
849, 20
270, 490
270, 509
817, 456
817, 543
927, 634
927, 365
537, 379
537, 620
550, 457
550, 542
205, 488
205, 511
329, 901
329, 98
550, 431
550, 568
17, 455
17, 544
881, 901
881, 98
426, 20
426, 979
173, 455
173, 544
238, 653
238, 346
674, 887
674, 112
927, 235
927, 764
251, 157
251, 842
485, 144
485, 855
725, 634
725, 365
394, 431
394, 568
17, 765
17, 234
426, 158
426, 841
693, 20
693, 979
219, 144
219, 855
647, 887
647, 112
771, 209
771, 790
485, 34
485, 965
63, 254
63, 745
973, 300
973, 699
674, 933
674, 66
849, 576
849, 423
647, 933
647, 66
660, 320
660, 679
706, 457
706, 542
95, 287
95, 712
992, 189
992, 810
784, 731
784, 268
862, 144
862, 855
17, 366
17, 633
849, 47
849, 952
881, 654
881, 345
127, 764
127, 235
485, 255
485, 744
205, 423
205, 576
205, 47
205, 952
504, 568
504, 431
95, 953
95, 46
596, 80
596, 919
615, 209
615, 790
550, 346
550, 653
849, 488
849, 511
472, 868
472, 131
82, 189
82, 810
270, 176
270, 823
472, 47
472, 952
459, 190
459, 809
596, 98
596, 901
95, 444
95, 555
95, 20
95, 979
504, 457
504, 542
407, 712
407, 287
992, 920
992, 79
270, 379
270, 620
440, 679
440, 320
95, 422
95, 577
582, 952
582, 47
738, 952
738, 47
725, 79
725, 920
914, 111
914, 888
160, 157
160, 842
771, 764
771, 235
82, 699
82, 300
959, 953
959, 46
381, 444
381, 555
537, 268
537, 731
518, 979
518, 20
95, 488
95, 511
582, 868
582, 131
485, 633
485, 366
407, 509
407, 490
82, 920
82, 79
660, 568
660, 431
407, 379
407, 620
316, 47
316, 952
141, 332
141, 667
485, 412
485, 587
803, 842
803, 157
992, 699
992, 300
485, 523
485, 476
192, 965
192, 34
219, 300
219, 699
173, 764
173, 235
706, 790
706, 209
518, 158
518, 841
881, 634
881, 365
283, 764
283, 235
238, 209
238, 790
381, 333
381, 666
706, 346
706, 653
504, 652
504, 347
17, 499
251, 979
251, 20
817, 235
817, 764
973, 254
973, 745
407, 601
407, 398
927, 499
485, 301
485, 698
49, 953
49, 46
17, 477
17, 522
141, 176
141, 823
914, 933
914, 66
362, 47
362, 952
914, 777
914, 222
219, 809
219, 190
817, 209
817, 790
959, 422
959, 577
771, 523
771, 476
927, 477
927, 522
959, 444
959, 555
440, 457
440, 542
660, 235
660, 764
127, 209
127, 790
173, 209
173, 790
238, 476
238, 523
141, 268
141, 731
862, 190
862, 809
192, 144
192, 855
440, 431
440, 568
381, 222
381, 777
205, 601
205, 398
959, 979
959, 20
881, 544
881, 455
348, 790
348, 209
959, 712
959, 287
270, 268
270, 731
862, 300
862, 699
784, 556
784, 443
803, 712
803, 287
674, 823
674, 176
394, 236
394, 763
628, 952
628, 47
141, 378
141, 621
63, 98
63, 901
127, 499
647, 176
647, 823
927, 790
927, 209
49, 422
49, 577
725, 98
725, 901
219, 254
219, 745
959, 511
959, 488
49, 555
49, 444
803, 443
803, 556
49, 712
49, 287
49, 20
49, 979
283, 679
283, 320
251, 601
251, 398
381, 112
381, 887
771, 499
440, 347
440, 652
881, 235
881, 764
381, 66
381, 933
63, 345
63, 654
693, 47
693, 952
63, 589
63, 410
127, 522
127, 477
362, 131
362, 868
82, 745
82, 254
738, 424
738, 575
458, 98
458, 901
784, 157
784, 842
895, 287
895, 712
49, 488
49, 511
458, 80
458, 919
550, 763
550, 236
329, 790
329, 209
316, 131
316, 868
784, 712
784, 287
569, 855
569, 144
674, 379
674, 620
485, 809
485, 190
17, 790
17, 209
628, 868
628, 131
407, 731
407, 268
238, 764
238, 235
674, 509
674, 490
569, 965
569, 34
895, 979
895, 20
836, 965
836, 34
160, 287
160, 712
992, 744
992, 255
297, 444
297, 555
219, 411
219, 588
95, 312
95, 687
862, 79
862, 920
615, 542
615, 457
297, 222
297, 777
17, 124
17, 875
4, 888
4, 111
270, 712
270, 287
895, 47
895, 952
17, 389
17, 610
536, 20
536, 979
173, 500
297, 666
297, 333
615, 320
615, 679
297, 887
297, 112
596, 209
596, 790
95, 466
95, 533
738, 868
738, 131
536, 158
536, 841
647, 379
647, 620
817, 499
426, 952
426, 47
862, 745
862, 254
849, 687
849, 312
569, 744
569, 255
927, 124
927, 875
959, 687
959, 312
725, 457
725, 542
647, 490
647, 509
251, 952
251, 47
895, 556
895, 443
141, 157
141, 842
348, 542
348, 457
849, 467
849, 532
192, 699
192, 300
329, 457
329, 542
973, 98
973, 901
614, 652
614, 347
504, 763
504, 236
219, 920
219, 79
297, 933
297, 66
849, 601
849, 398
836, 855
836, 144
426, 131
426, 868
803, 20
803, 979
205, 868
205, 131
192, 190
192, 809
973, 345
973, 654
895, 576
895, 423
173, 477
173, 522
160, 443
160, 556
752, 34
752, 965
647, 712
647, 287
927, 389
927, 610
959, 466
959, 533
563, 444
563, 555
17, 433
17, 566
817, 477
817, 522
159, 20
159, 979
973, 410
973, 589
30, 111
30, 888
49, 687
49, 312
563, 333
563, 666
674, 287
674, 712
4, 933
4, 66
614, 569
614, 430
348, 346
348, 653
569, 412
569, 587
95, 399
95, 600
569, 476
569, 523
752, 855
752, 144
881, 790
881, 209
895, 511
895, 488
693, 868
693, 131
329, 346
329, 653
63, 235
63, 764
238, 499
569, 634
569, 365
205, 313
205, 686
472, 757
472, 242
849, 131
849, 868
4, 777
4, 222
380, 823
380, 176
63, 455
63, 544
49, 533
49, 466
63, 634
63, 365
127, 124
127, 875
569, 698
569, 301
771, 679
771, 320
192, 745
192, 254
881, 499
674, 268
674, 731
440, 236
440, 763
927, 566
927, 433
563, 777
563, 222
159, 952
159, 47
706, 235
706, 764
784, 979
784, 20
30, 66
30, 933
81, 901
81, 98
803, 47
803, 952
283, 568
283, 431
160, 423
160, 576
251, 424
251, 575
881, 477
881, 522
992, 654
992, 345
959, 600
959, 399
563, 887
563, 112
270, 158
270, 841
563, 933
563, 66
647, 601
647, 398
914, 732
914, 267
991, 901
991, 98
518, 47
518, 952
518, 131
518, 868
940, 111
940, 888
647, 268
647, 731
348, 679
348, 320
219, 365
219, 634
30, 222
30, 777
803, 511
803, 488
582, 757
582, 242
706, 320
706, 679
973, 235
973, 764
82, 589
82, 410
913, 823
913, 176
485, 98
485, 901
127, 390
127, 609
992, 589
992, 410
725, 653
725, 346
803, 423
803, 576
458, 209
458, 790
192, 79
192, 920
160, 488
160, 511
914, 666
914, 333
836, 300
836, 699
835, 809
835, 190
485, 919
485, 80
219, 98
219, 901
95, 868
95, 131
82, 345
82, 654
49, 399
49, 600
674, 398
674, 601
973, 455
973, 544
407, 841
407, 158
407, 979
407, 20
205, 467
205, 532
771, 125
771, 874
784, 488
784, 511
752, 300
752, 699
297, 823
297, 176
660, 874
660, 125
569, 190
569, 809
283, 874
283, 125
17, 678
17, 321
940, 66
940, 933
380, 712
380, 287
614, 763
614, 236
141, 287
141, 712
973, 365
973, 634
725, 209
725, 790
173, 124
173, 875
297, 490
297, 509
752, 411
752, 588
316, 424
316, 575
817, 125
817, 874
914, 621
914, 378
238, 320
238, 679
394, 874
394, 125
940, 222
940, 777
596, 679
596, 320
596, 458
596, 541
348, 430
348, 569
862, 589
862, 410
752, 809
752, 190
895, 312
895, 687
380, 490
380, 509
270, 20
270, 979
380, 620
380, 379
927, 678
927, 321
251, 868
251, 131
738, 686
738, 313
329, 320
329, 679
270, 601
270, 398
862, 98
862, 901
297, 620
297, 379
752, 745
752, 254
913, 157
913, 842
141, 20
141, 979
108, 33
108, 966
192, 588
192, 411
127, 433
127, 566
784, 47
784, 952
303, 965
303, 34
895, 467
895, 532
63, 499
375, 144
375, 855
394, 53
394, 946
375, 34
375, 965
596, 652
596, 347
303, 144
303, 855
835, 745
835, 254
550, 125
550, 874
991, 764
991, 235
881, 124
881, 875
550, 946
550, 53
817, 679
817, 320
127, 320
127, 679
596, 430
596, 569
992, 544
992, 455
348, 763
348, 236
693, 424
693, 575
63, 522
63, 477
63, 209
63, 790
836, 920
836, 79
959, 868
959, 131
141, 47
141, 952
362, 242
362, 757
173, 679
173, 320
758, 777
758, 222
380, 601
380, 398
563, 176
563, 823
141, 443
141, 556
660, 946
660, 53
758, 112
758, 887
219, 456
219, 543
4, 732
4, 267
784, 423
784, 576
472, 646
472, 353
536, 952
536, 47
674, 841
674, 158
628, 242
628, 757
536, 868
536, 131
303, 588
303, 411
491, 555
491, 444
49, 868
49, 131
329, 236
329, 763
82, 365
82, 634
491, 333
491, 666
895, 399
895, 600
992, 366
992, 633
862, 345
862, 654
82, 544
82, 455
329, 430
329, 569
316, 242
316, 757
81, 764
81, 235
114, 887
114, 112
803, 601
803, 398
504, 946
504, 53
375, 255
375, 744
173, 390
173, 609
973, 499
504, 874
504, 125
108, 144
108, 855
706, 569
706, 430
238, 125
238, 874
758, 66
758, 933
375, 476
375, 523
881, 609
881, 390
219, 346
219, 653
375, 412
375, 587
95, 202
95, 797
458, 680
458, 319
192, 98
192, 901
17, 720
17, 279
973, 477
973, 522
141, 423
141, 576
303, 476
303, 523
647, 158
647, 841
426, 757
426, 242
380, 730
380, 269
959, 202
959, 797
784, 601
784, 398
297, 731
297, 268
674, 979
674, 20
362, 425
362, 574
817, 390
817, 609
283, 53
283, 946
895, 131
895, 868
862, 365
862, 634
485, 209
485, 790
491, 223
491, 776
375, 698
375, 301
3, 842
3, 157
472, 464
472, 535
375, 634
375, 365
17, 986
17, 13
3, 176
3, 823
849, 797
849, 202
30, 267
30, 732
63, 124
63, 875
582, 425
582, 574
472, 425
472, 574
316, 686
316, 313
569, 919
569, 80
297, 287
297, 712
582, 353
582, 646
114, 933
114, 66
303, 744
303, 255
114, 777
114, 222
569, 98
569, 901
738, 757
738, 242
563, 287
563, 712
647, 20
647, 979
973, 209
973, 790
758, 666
758, 333
491, 112
491, 887
491, 66
491, 933
752, 919
752, 80
192, 634
192, 365
4, 666
4, 333
303, 698
303, 301
49, 797
49, 202
752, 634
752, 365
270, 47
270, 952
141, 511
141, 488
458, 541
458, 458
160, 601
160, 398
160, 686
160, 313
458, 569
458, 430
803, 131
803, 868
440, 125
440, 874
992, 499
582, 536
582, 463
927, 13
927, 986
959, 643
959, 356
251, 686
251, 313
4, 378
4, 621
881, 566
881, 433
725, 763
725, 236
973, 124
973, 875
927, 279
927, 720
628, 574
628, 425
771, 946
771, 53
205, 242
205, 757
992, 477
992, 522
440, 53
440, 946
160, 467
160, 532
63, 389
63, 610
30, 176
30, 823
518, 241
518, 758
95, 355
95, 644
693, 757
693, 242
596, 236
596, 763
706, 125
706, 874
173, 433
173, 566
159, 868
159, 131
803, 313
803, 686
862, 455
862, 544
30, 157
30, 842
30, 332
30, 667
108, 190
108, 809
927, 945
927, 54
303, 190
303, 809
17, 945
17, 54
458, 347
458, 652
693, 686
693, 313
881, 679
881, 320
563, 490
563, 509
205, 202
205, 797
836, 589
836, 410
835, 901
835, 98
563, 398
563, 601
375, 190
375, 809
940, 267
940, 732
771, 568
771, 431
303, 634
303, 365
849, 243
849, 756
913, 952
913, 47
49, 643
49, 356
641, 34
641, 965
973, 389
973, 610
641, 144
641, 855
407, 952
407, 47
771, 390
771, 609
563, 620
563, 379
913, 979
913, 20
362, 685
362, 314
127, 946
127, 53
817, 567
817, 432
582, 685
582, 314
30, 378
30, 621
192, 653
192, 346
472, 685
472, 314
752, 901
752, 98
862, 235
862, 764
108, 300
108, 699
95, 243
95, 756
408, 130
408, 869
219, 790
219, 209
63, 433
63, 566
81, 790
81, 209
940, 176
940, 823
82, 500
127, 985
127, 14
991, 790
991, 209
784, 131
784, 868
380, 841
380, 158
817, 946
817, 53
913, 712
913, 287
940, 332
940, 667
486, 319
486, 680
108, 920
108, 79
614, 125
614, 874
491, 176
491, 823
173, 53
173, 946
991, 124
991, 875
82, 477
82, 522
757, 176
757, 823
362, 536
362, 463
849, 355
849, 644
362, 647
362, 352
830, 112
830, 887
380, 20
380, 979
628, 685
628, 314
725, 679
725, 320
973, 566
973, 433
192, 543
192, 456
491, 997
491, 2
680, 965
680, 34
940, 157
940, 842
992, 389
992, 610
946, 966
946, 33
959, 243
959, 756
641, 255
641, 744
641, 476
641, 523
297, 398
297, 601
297, 841
297, 158
680, 144
680, 855
628, 646
628, 353
426, 352
426, 647
238, 946
238, 53
803, 467
803, 532
641, 412
641, 587
141, 313
141, 686
895, 202
895, 797
628, 463
628, 536
940, 378
940, 621
426, 425
426, 574
758, 621
758, 378
536, 758
536, 241
830, 222
830, 777
238, 431
238, 568
127, 720
127, 279
564, 269
564, 730
614, 946
614, 53
914, 444
914, 555
752, 457
752, 542
219, 763
219, 236
3, 952
3, 47
830, 66
830, 933
452, 444
452, 555
486, 430
486, 569
738, 797
738, 202
348, 125
348, 874
674, 47
674, 952
914, 576
914, 423
758, 556
758, 443
771, 14
771, 985
270, 868
270, 131
641, 698
641, 301
784, 313
784, 686
862, 209
862, 790
49, 243
49, 756
486, 458
486, 541
452, 666
452, 333
108, 745
108, 254
186, 887
186, 112
835, 634
835, 365
426, 463
426, 536
569, 790
569, 209
270, 424
270, 575
706, 53
706, 946
302, 80
302, 919
641, 365
641, 634
835, 653
835, 346
660, 985
660, 14
283, 985
283, 14
680, 588
680, 411
817, 985
817, 14
491, 712
491, 287
316, 646
316, 353
992, 566
992, 433
173, 14
173, 985
17, 166
17, 833
63, 321
63, 678
251, 242
251, 757
186, 222
186, 777
81, 874
81, 125
375, 80
375, 919
316, 535
316, 464
394, 985
394, 14
518, 647
518, 352
914, 488
914, 511
141, 467
141, 532
141, 601
141, 398
329, 125
329, 874
680, 476
680, 523
297, 979
297, 20
757, 731
757, 268
458, 763
458, 236
141, 868
141, 131
647, 952
647, 47
114, 176
114, 823
186, 66
186, 933
375, 98
375, 901
114, 332
114, 667
452, 222
452, 777
3, 20
3, 979
486, 347
486, 652
881, 946
881, 53
114, 731
114, 268
394, 835
394, 164
550, 164
550, 835
680, 744
680, 255
881, 14
881, 985
946, 855
946, 144
550, 985
550, 14
302, 98
302, 901
452, 112
452, 887
927, 166
927, 833
452, 933
452, 66
238, 390
238, 609
205, 355
205, 644
973, 678
973, 321
426, 685
426, 314
680, 698
680, 301
641, 809
641, 190
862, 499
348, 946
348, 53
491, 398
491, 601
192, 790
192, 209
518, 463
518, 536
31, 47
31, 952
660, 164
660, 835
36, 966
36, 33
752, 346
752, 653
518, 425
518, 574
4, 422
4, 577
316, 797
316, 202
82, 390
82, 609
192, 764
192, 235
491, 490
491, 509
895, 643
895, 356
646, 869
646, 130
4, 444
4, 555
504, 164
504, 835
674, 868
674, 131
862, 477
862, 522
738, 646
738, 353
114, 621
114, 378
752, 476
752, 523
3, 712
3, 287
95, 90
95, 909
680, 365
680, 634
414, 855
414, 144
836, 544
836, 455
959, 909
959, 90
725, 874
725, 125
491, 620
491, 379
504, 14
504, 985
895, 243
895, 756
693, 646
693, 353
238, 14
238, 985
225, 112
225, 887
913, 686
913, 313
414, 965
414, 34
283, 391
283, 608
225, 777
225, 222
881, 720
881, 279
329, 53
329, 946
564, 158
564, 841
4, 488
4, 511
31, 20
31, 979
680, 190
680, 809
564, 979
564, 20
472, 203
472, 796
568, 680
568, 319
219, 476
219, 523
63, 985
63, 14
582, 203
582, 796
725, 569
725, 430
408, 241
408, 758
114, 842
114, 157
692, 536
692, 463
596, 125
596, 874
173, 720
173, 279
536, 647
536, 352
992, 678
992, 321
219, 499
362, 203
362, 796
946, 190
946, 809
82, 566
82, 433
849, 90
849, 909
283, 164
283, 835
160, 797
160, 202
757, 712
757, 287
127, 833
127, 166
225, 933
225, 66
108, 98
108, 901
941, 47
941, 952
835, 764
835, 235
830, 332
830, 667
784, 467
784, 532
49, 909
49, 90
414, 744
414, 255
693, 202
693, 797
30, 287
30, 712
914, 466
914, 533
63, 279
63, 720
757, 158
757, 841
251, 202
251, 797
817, 279
817, 720
30, 577
30, 422
453, 176
453, 823
380, 48
380, 951
568, 541
568, 458
946, 920
946, 79
830, 176
830, 823
973, 985
973, 14
596, 947
596, 52
30, 444
30, 555
863, 125
863, 874
752, 790
752, 209
63, 946
63, 53
453, 2
453, 997
758, 511
758, 488
973, 720
973, 279
4, 687
4, 312
568, 569
568, 430
518, 685
518, 314
771, 165
771, 834
941, 979
941, 20
413, 587
413, 412
186, 333
186, 666
413, 476
413, 523
803, 757
803, 242
835, 790
835, 209
440, 835
440, 164
536, 536
536, 463
36, 855
36, 144
440, 985
440, 14
628, 203
628, 796
490, 730
490, 269
108, 410
108, 589
486, 762
486, 237
380, 869
380, 130
536, 574
536, 425
297, 47
297, 952
413, 634
413, 365
803, 202
803, 797
30, 488
30, 511
771, 279
771, 720
830, 731
830, 268
413, 698
413, 301
946, 699
946, 300
642, 80
642, 919
159, 242
159, 757
568, 347
568, 652
706, 985
706, 14
205, 909
205, 90
270, 685
270, 314
4, 466
4, 533
602, 555
602, 444
264, 965
264, 34
302, 541
302, 458
940, 287
940, 712
914, 399
914, 600
186, 823
186, 176
82, 678
82, 321
219, 874
219, 125
108, 345
108, 654
225, 666
225, 333
738, 465
738, 534
830, 378
830, 621
602, 333
602, 666
173, 165
173, 834
991, 985
991, 14
913, 868
913, 131
219, 319
219, 680
264, 855
264, 144
376, 208
376, 791
817, 165
817, 834
973, 946
973, 53
453, 287
453, 712
992, 279
992, 720
641, 901
641, 98
679, 919
679, 80
192, 499
940, 555
940, 444
940, 576
940, 423
757, 20
757, 979
784, 242
784, 757
458, 947
458, 52
30, 312
30, 687
186, 378
186, 621
752, 236
752, 763
458, 873
458, 126
186, 731
186, 268
614, 15
614, 984
141, 202
141, 797
36, 809
36, 190
907, 33
907, 966
725, 53
725, 946
602, 777
602, 222
862, 390
862, 609
302, 791
302, 208
660, 391
660, 608
868, 887
868, 112
36, 920
36, 79
946, 745
946, 254
940, 488
940, 511
536, 314
536, 685
602, 112
602, 887
674, 425
674, 574
4, 600
4, 399
192, 477
192, 522
302, 652
302, 347
426, 796
426, 203
413, 190
413, 809
283, 721
283, 278
408, 425
408, 574
251, 353
251, 646
679, 98
679, 901
614, 836
614, 163
550, 724
550, 275
602, 933
602, 66
298, 869
298, 130
718, 222
718, 777
394, 276
394, 723
160, 355
160, 644
238, 834
238, 165
738, 909
738, 90
30, 466
30, 533
408, 647
408, 352
881, 833
881, 166
895, 91
895, 908
719, 887
719, 112
108, 634
108, 365
490, 980
490, 19
453, 601
453, 398
530, 144
530, 855
564, 48
564, 951
114, 20
114, 979
270, 241
270, 758
264, 411
264, 588
453, 490
453, 509
784, 797
784, 202
564, 869
564, 130
568, 237
568, 762
530, 34
530, 965
81, 14
81, 985
660, 723
660, 276
991, 946
991, 53
490, 159
490, 840
224, 823
224, 176
114, 952
114, 47
868, 933
868, 66
868, 777
868, 222
830, 158
830, 841
718, 333
718, 666
114, 712
114, 287
862, 320
862, 679
375, 458
375, 541
646, 758
646, 241
719, 66
719, 933
408, 462
408, 537
836, 499
453, 380
453, 619
348, 14
348, 985
192, 125
192, 874
36, 699
36, 300
504, 275
504, 724
108, 235
108, 764
706, 164
706, 835
264, 300
264, 699
530, 744
530, 255
238, 720
238, 279
81, 946
81, 53
330, 984
330, 15
718, 555
718, 444
674, 241
674, 758
646, 573
646, 426
225, 621
225, 378
907, 144
907, 855
108, 455
108, 544
264, 254
264, 745
376, 651
376, 348
394, 390
394, 609
141, 242
141, 757
251, 467
251, 532
706, 391
706, 608
940, 312
940, 687
376, 680
376, 319
264, 809
264, 190
3, 868
3, 131
836, 477
836, 522
835, 874
835, 125
862, 433
862, 566
487, 51
487, 948
756, 951
756, 48
408, 315
408, 684
487, 872
487, 127
30, 399
30, 600
316, 90
316, 909
472, 89
472, 910
913, 797
913, 202
376, 429
376, 570
757, 602
757, 397
453, 269
453, 730
394, 499
187, 841
187, 158
379, 240
379, 759
63, 166
63, 833
225, 731
225, 268
337, 555
337, 444
660, 499
642, 208
642, 791
946, 901
946, 98
82, 720
82, 279
582, 909
582, 90
298, 426
298, 573
530, 412
530, 587
518, 796
518, 203
675, 315
675, 684
803, 645
803, 354
530, 476
530, 523
530, 634
530, 365
348, 164
348, 835
3, 797
3, 202
940, 466
940, 533
413, 80
413, 919
192, 679
192, 320
114, 443
114, 556
550, 612
550, 387
36, 254
36, 745
602, 176
602, 823
283, 499
550, 499
973, 166
973, 833
413, 901
413, 98
530, 301
530, 698
114, 423
114, 576
337, 666
337, 333
752, 319
752, 680
301, 762
301, 237
440, 275
440, 724
330, 163
330, 836
362, 91
362, 908
646, 315
646, 684
830, 287
830, 712
724, 984
724, 15
643, 540
643, 459
220, 947
220, 52
719, 490
719, 509
337, 777
337, 222
109, 208
109, 791
907, 809
907, 190
831, 19
831, 980
141, 644
141, 355
863, 947
863, 52
596, 984
596, 15
301, 681
301, 318
31, 868
31, 131
693, 91
693, 908
147, 966
147, 33
264, 476
264, 523
678, 459
678, 540
264, 634
264, 365
596, 163
596, 836
946, 345
946, 654
753, 126
753, 873
504, 612
504, 387
719, 823
719, 176
791, 34
791, 965
628, 908
628, 91
863, 15
863, 984
940, 600
940, 399
225, 443
225, 556
337, 112
337, 887
992, 833
992, 166
946, 410
946, 589
643, 348
643, 651
251, 908
251, 91
679, 208
679, 791
114, 488
114, 511
160, 91
160, 908
269, 204
269, 795
186, 287
186, 712
454, 19
454, 980
752, 499
757, 424
757, 575
504, 501
504, 498
831, 48
831, 951
454, 159
454, 840
337, 66
337, 933
907, 300
907, 699
219, 391
219, 608
719, 379
719, 620
265, 919
265, 80
907, 79
907, 920
4, 643
4, 356
536, 204
536, 795
187, 19
187, 980
941, 130
941, 869
791, 855
791, 144
602, 712
602, 287
224, 158
224, 841
784, 354
784, 645
148, 855
148, 144
530, 190
530, 809
835, 680
835, 319
914, 643
914, 356
868, 823
868, 176
30, 202
30, 797
36, 901
36, 98
678, 651
678, 348
108, 499
803, 91
803, 908
191, 947
191, 52
868, 667
868, 332
675, 648
675, 351
830, 556
830, 443
602, 490
602, 509
109, 125
109, 874
868, 731
868, 268
224, 713
224, 286
706, 278
706, 721
186, 443
186, 556
602, 620
602, 379
220, 983
220, 16
946, 764
946, 235
108, 522
108, 477
913, 757
913, 242
412, 791
412, 208
192, 608
192, 391
725, 391
725, 608
219, 431
219, 568
75, 112
75, 887
187, 48
187, 951
114, 686
114, 313
614, 725
614, 274
601, 602
601, 397
835, 391
835, 608
440, 613
440, 386
908, 254
908, 745
264, 901
264, 98
440, 497
440, 502
440, 391
440, 608
426, 908
426, 91
36, 654
36, 345
946, 634
946, 365
270, 646
270, 353
719, 268
719, 731
75, 66
75, 933
426, 912
426, 87
868, 621
868, 378
601, 730
601, 269
113, 869
113, 130
724, 836
724, 163
30, 356
30, 643
36, 410
36, 589
147, 809
147, 190
141, 91
141, 908
946, 544
946, 455
941, 203
941, 796
791, 699
791, 300
82, 833
82, 166
75, 222
75, 777
330, 392
330, 607
791, 190
791, 809
830, 423
830, 576
862, 279
862, 720
531, 80
531, 919
4, 243
4, 756
614, 607
614, 392
148, 699
148, 300
531, 98
531, 901
114, 467
114, 532
719, 287
719, 712
348, 391
348, 608
867, 158
867, 841
336, 176
336, 823
264, 542
264, 457
784, 908
784, 91
36, 764
36, 235
706, 499
192, 432
192, 567
114, 601
114, 398
791, 745
791, 254
348, 724
348, 275
341, 176
341, 823
908, 98
908, 901
830, 511
830, 488
108, 390
108, 609
614, 503
614, 496
147, 920
147, 79
615, 499
836, 433
836, 566
984, 111
984, 888
186, 576
186, 423
518, 92
518, 907
147, 254
147, 745
518, 913
518, 86
336, 620
336, 379
945, 791
945, 208
913, 907
913, 92
336, 490
336, 509
30, 243
30, 756
36, 634
36, 365
329, 276
329, 723
269, 537
269, 462
3, 908
3, 91
186, 488
186, 511
36, 544
36, 455
940, 356
940, 643
341, 379
341, 620
946, 500
790, 80
790, 919
341, 490
341, 509
225, 488
225, 511
791, 588
791, 411
946, 522
946, 477
984, 66
984, 933
336, 712
336, 287
831, 314
831, 685
348, 497
348, 502
907, 410
907, 589
109, 319
109, 680
984, 222
984, 777
108, 433
108, 566
862, 834
862, 165
341, 287
341, 712
907, 345
907, 654
330, 495
330, 504
725, 719
725, 280
830, 601
830, 398
334, 730
334, 269
868, 712
868, 287
940, 243
940, 756
35, 791
35, 208
224, 424
224, 575
31, 907
31, 92
187, 397
187, 602
219, 280
219, 719
76, 176
76, 823
75, 267
75, 732
343, 269
343, 730
75, 332
75, 667
36, 499
524, 919
524, 80
946, 609
946, 390
909, 236
909, 763
36, 477
36, 522
908, 365
908, 634
791, 634
791, 365
75, 157
75, 842
147, 410
147, 589
75, 621
75, 378
868, 443
868, 556
830, 532
830, 467
907, 544
907, 455
868, 576
868, 423
946, 566
946, 433
36, 390
36, 609
984, 267
984, 732
147, 653
147, 346
147, 634
147, 365
790, 346
790, 653
985, 176
985, 823
868, 511
868, 488
946, 679
946, 320
985, 157
985, 842
186, 467
186, 532
791, 543
791, 456
114, 643
114, 356
985, 332
985, 667
36, 433
36, 566
984, 378
984, 621
907, 499
148, 455
148, 544
907, 477
907, 522
36, 320
36, 679
868, 601
868, 398
868, 467
868, 532
75, 423
75, 576
75, 443
75, 556
908, 390
908, 609
75, 488
75, 511
985, 287
985, 712
147, 500
984, 422
984, 577
984, 444
984, 555
907, 433
907, 566
148, 477
148, 522
984, 511
984, 488
75, 532
75, 467
791, 499
791, 476
791, 523
75, 399
75, 600
984, 466
984, 533
984, 600
984, 399
868, 643
868, 356
148, 566
148, 433
75, 643
75, 356
984, 356
984, 643
