472, 422
472, 577
472, 266
472, 733
394, 344
394, 655
394, 78
394, 921
582, 422
582, 577
550, 344
550, 655
394, 499
472, 156
472, 843
660, 499
550, 78
550, 921
582, 733
582, 266
660, 921
660, 78
283, 500
550, 499
394, 188
394, 811
660, 344
660, 655
550, 188
550, 811
582, 156
582, 843
472, 110
472, 889
504, 344
504, 655
660, 188
660, 811
504, 921
504, 78
361, 577
361, 422
283, 921
283, 78
316, 577
316, 422
394, 234
394, 765
550, 765
550, 234
504, 499
628, 422
628, 577
472, 312
472, 687
582, 110
582, 889
504, 188
504, 811
361, 733
361, 266
316, 733
316, 266
283, 810
283, 189
660, 545
660, 454
628, 266
628, 733
394, 454
394, 545
660, 765
660, 234
771, 78
771, 921
316, 156
316, 843
283, 344
283, 655
504, 234
504, 765
361, 843
361, 156
472, 467
472, 532
582, 687
582, 312
205, 888
205, 111
394, 32
394, 967
738, 888
738, 111
628, 156
628, 843
440, 344
440, 655
738, 732
738, 267
316, 888
316, 111
472, 623
472, 376
283, 454
283, 545
660, 33
660, 966
440, 78
440, 921
771, 810
771, 189
738, 843
738, 156
550, 454
550, 545
550, 967
550, 32
849, 111
849, 888
426, 422
426, 577
362, 110
362, 889
693, 422
693, 577
394, 390
394, 609
550, 390
550, 609
440, 499
582, 467
582, 532
426, 733
426, 266
472, 46
472, 953
582, 623
582, 376
205, 732
205, 267
628, 889
628, 110
283, 966
283, 33
440, 188
440, 811
205, 156
205, 843
693, 733
693, 266
660, 299
660, 700
127, 921
127, 78
426, 156
426, 843
394, 700
394, 299
283, 765
283, 234
316, 377
316, 622
504, 32
504, 967
771, 33
771, 966
738, 622
738, 377
693, 156
693, 843
927, 78
927, 921
95, 111
95, 888
504, 545
504, 454
582, 953
582, 46
504, 390
504, 609
173, 921
173, 78
927, 33
927, 966
738, 577
738, 422
706, 499
816, 921
816, 78
283, 700
283, 299
238, 78
238, 921
693, 888
693, 111
440, 765
440, 234
127, 810
127, 189
660, 609
660, 390
127, 966
127, 33
362, 623
362, 376
849, 156
849, 843
849, 732
849, 267
17, 33
17, 966
362, 312
362, 687
927, 810
927, 189
550, 299
550, 700
615, 344
615, 655
173, 189
173, 810
426, 110
426, 889
816, 810
816, 189
628, 687
628, 312
615, 921
615, 78
615, 499
17, 78
17, 921
238, 810
238, 189
628, 623
628, 376
362, 467
362, 532
771, 654
771, 345
472, 778
472, 221
706, 921
706, 78
316, 687
316, 312
771, 299
771, 700
518, 577
518, 422
628, 532
628, 467
173, 33
173, 966
316, 532
316, 467
518, 266
518, 733
205, 377
205, 622
817, 33
817, 966
615, 188
615, 811
693, 622
693, 377
17, 810
17, 189
582, 221
582, 778
316, 46
316, 953
426, 687
426, 312
504, 701
504, 298
205, 221
205, 778
440, 967
440, 32
362, 46
362, 953
440, 454
440, 545
771, 765
771, 234
738, 778
738, 221
959, 888
959, 111
706, 810
706, 189
738, 46
738, 953
518, 156
518, 843
440, 390
440, 609
706, 344
706, 655
628, 46
628, 953
316, 221
316, 778
238, 33
238, 966
251, 888
251, 111
849, 221
849, 778
394, 124
394, 875
95, 156
95, 843
205, 953
205, 46
251, 267
251, 732
550, 875
550, 124
49, 888
49, 111
348, 499
95, 267
95, 732
706, 545
706, 454
426, 623
426, 376
251, 156
251, 843
426, 467
426, 532
615, 234
615, 765
348, 921
348, 78
362, 221
362, 778
881, 921
881, 78
238, 654
238, 345
348, 344
348, 655
518, 110
518, 889
329, 500
738, 312
738, 687
849, 953
849, 46
660, 124
660, 875
693, 312
693, 687
394, 856
394, 143
660, 856
660, 143
628, 221
628, 778
238, 700
238, 299
693, 468
693, 531
693, 46
693, 953
504, 875
504, 124
127, 299
127, 700
426, 953
426, 46
173, 299
173, 700
881, 966
881, 33
881, 810
881, 189
817, 299
817, 700
615, 545
615, 454
329, 78
329, 921
440, 298
440, 701
348, 188
348, 811
771, 544
771, 455
706, 33
706, 966
95, 221
95, 778
283, 609
283, 390
895, 111
895, 888
283, 856
283, 143
849, 622
849, 377
329, 344
329, 655
518, 312
518, 687
537, 422
537, 577
693, 778
693, 221
238, 765
238, 234
251, 377
251, 622
550, 856
550, 143
615, 32
615, 967
706, 234
706, 765
927, 700
927, 299
537, 733
537, 266
472, 202
472, 797
771, 856
771, 143
329, 188
329, 811
817, 654
817, 345
238, 544
238, 455
927, 143
927, 856
706, 299
706, 700
283, 875
283, 124
95, 953
95, 46
173, 654
173, 345
615, 609
615, 390
537, 156
537, 843
817, 765
817, 234
127, 143
127, 856
173, 765
173, 234
959, 156
959, 843
348, 454
348, 545
160, 888
160, 111
127, 765
127, 234
251, 422
251, 577
348, 234
348, 765
518, 532
518, 467
518, 623
518, 376
17, 143
17, 856
803, 111
803, 888
504, 856
504, 143
205, 687
205, 312
959, 732
959, 267
17, 700
17, 299
49, 843
49, 156
582, 797
582, 202
596, 655
596, 344
426, 778
426, 221
329, 454
329, 545
127, 654
127, 345
615, 299
615, 700
440, 124
440, 875
596, 78
596, 921
738, 487
738, 512
596, 499
173, 143
173, 856
49, 732
49, 267
251, 221
251, 778
348, 32
348, 967
518, 46
518, 953
205, 423
205, 576
927, 234
927, 765
817, 856
817, 143
537, 110
537, 889
959, 778
959, 221
251, 46
251, 953
725, 499
329, 234
329, 765
596, 188
596, 811
895, 156
895, 843
771, 875
771, 124
803, 732
803, 267
472, 934
472, 65
49, 778
49, 221
895, 267
895, 732
803, 156
803, 843
849, 65
849, 934
329, 967
329, 32
205, 934
205, 65
95, 377
95, 622
927, 345
927, 654
63, 78
63, 921
283, 409
283, 590
63, 33
63, 966
238, 856
238, 143
160, 732
160, 267
537, 312
537, 687
784, 888
784, 111
160, 156
160, 843
407, 422
407, 577
959, 953
959, 46
582, 65
582, 934
881, 700
881, 299
738, 531
738, 468
17, 765
17, 234
771, 410
771, 589
738, 934
738, 65
348, 299
348, 700
440, 856
440, 143
95, 65
95, 934
348, 609
348, 390
63, 189
63, 810
407, 266
407, 733
725, 78
725, 921
596, 765
596, 234
49, 953
49, 46
251, 312
251, 687
362, 202
362, 797
316, 65
316, 934
784, 267
784, 732
895, 221
895, 778
706, 390
706, 609
329, 299
329, 700
849, 312
849, 687
849, 667
849, 332
784, 843
784, 156
550, 280
550, 719
660, 590
660, 409
17, 345
17, 654
628, 202
628, 797
205, 667
205, 332
881, 856
881, 143
407, 156
407, 843
537, 467
537, 532
316, 202
316, 797
518, 221
518, 778
394, 280
394, 719
537, 376
537, 623
725, 810
725, 189
362, 65
362, 934
615, 124
615, 875
973, 33
973, 966
127, 875
127, 124
706, 856
706, 143
472, 357
472, 642
895, 46
895, 953
238, 124
238, 875
596, 454
596, 545
817, 124
817, 875
459, 344
459, 655
596, 967
596, 32
329, 390
329, 609
881, 765
881, 234
173, 875
173, 124
973, 78
973, 921
803, 778
803, 221
504, 719
504, 280
160, 778
160, 221
628, 65
628, 934
459, 78
459, 921
959, 934
959, 65
251, 487
251, 512
426, 797
426, 202
927, 124
927, 875
537, 953
537, 46
407, 110
407, 889
95, 667
95, 332
803, 622
803, 377
706, 875
706, 124
771, 390
771, 609
881, 654
881, 345
738, 668
738, 331
725, 344
725, 655
141, 111
141, 888
596, 390
596, 609
394, 590
394, 409
738, 797
738, 202
127, 410
127, 589
459, 499
472, 486
472, 513
615, 856
615, 143
817, 410
817, 589
173, 410
173, 589
803, 953
803, 46
693, 934
693, 65
959, 622
959, 377
973, 189
973, 810
49, 65
49, 934
270, 732
270, 267
725, 545
725, 454
849, 422
849, 577
459, 188
459, 811
270, 888
270, 111
927, 589
927, 410
160, 953
160, 46
270, 156
270, 843
238, 590
238, 409
660, 719
660, 280
582, 513
582, 486
784, 377
784, 622
316, 486
316, 513
582, 357
582, 642
725, 32
725, 967
49, 377
49, 622
550, 435
550, 564
17, 124
17, 875
992, 966
992, 33
394, 435
394, 564
316, 668
316, 331
693, 202
693, 797
927, 745
927, 254
407, 687
407, 312
160, 622
160, 377
95, 687
95, 312
816, 544
816, 455
205, 797
205, 202
596, 701
596, 298
348, 875
348, 124
17, 745
17, 254
17, 410
17, 589
784, 221
784, 778
82, 921
82, 78
394, 13
394, 986
992, 921
992, 78
550, 590
550, 409
895, 622
895, 377
459, 234
459, 765
270, 577
270, 422
238, 390
238, 609
173, 455
173, 544
725, 234
725, 765
472, 668
472, 331
82, 966
82, 33
426, 934
426, 65
550, 986
550, 13
362, 486
362, 513
440, 280
440, 719
518, 202
518, 797
725, 700
725, 299
647, 577
647, 422
407, 623
407, 376
784, 46
784, 953
348, 856
348, 143
582, 668
582, 331
959, 332
959, 667
504, 435
504, 564
127, 745
127, 254
251, 934
251, 65
270, 622
270, 377
674, 577
674, 422
895, 934
895, 65
537, 778
537, 221
660, 986
660, 13
63, 299
63, 700
82, 810
82, 189
63, 143
63, 856
141, 156
141, 843
407, 532
407, 467
127, 544
127, 455
141, 267
141, 732
992, 810
992, 189
329, 875
329, 124
693, 486
693, 513
927, 455
927, 544
362, 668
362, 331
329, 856
329, 143
628, 513
628, 486
49, 667
49, 332
706, 409
706, 590
95, 577
95, 422
647, 266
647, 733
693, 668
693, 331
881, 875
881, 124
674, 266
674, 733
849, 797
849, 202
17, 455
17, 544
504, 986
504, 13
407, 46
407, 953
504, 409
504, 590
485, 655
485, 344
660, 564
660, 435
205, 488
205, 511
771, 745
771, 254
458, 32
458, 967
628, 668
628, 331
219, 921
219, 78
283, 253
283, 746
660, 746
660, 253
283, 986
283, 13
485, 921
485, 78
283, 280
283, 719
862, 78
862, 921
647, 156
647, 843
459, 454
459, 545
458, 390
458, 609
674, 843
674, 156
173, 745
173, 254
596, 124
596, 875
674, 110
674, 889
394, 253
394, 746
485, 499
141, 221
141, 778
881, 410
881, 589
817, 254
817, 745
647, 889
647, 110
362, 357
362, 642
219, 810
219, 189
803, 687
803, 312
251, 331
251, 668
973, 856
973, 143
63, 234
63, 765
485, 188
485, 811
270, 953
270, 46
959, 687
959, 312
895, 332
895, 667
862, 189
862, 810
628, 357
628, 642
440, 435
440, 564
270, 778
270, 221
160, 65
160, 934
849, 511
849, 488
862, 33
862, 966
518, 65
518, 934
973, 299
973, 700
251, 797
251, 202
426, 513
426, 486
803, 65
803, 934
771, 13
771, 986
49, 312
49, 687
914, 888
914, 111
141, 46
141, 953
440, 591
440, 408
426, 357
426, 642
849, 556
849, 443
63, 345
63, 654
550, 253
550, 746
440, 14
440, 985
784, 312
784, 687
803, 576
803, 423
784, 576
784, 423
458, 701
458, 298
849, 823
849, 176
407, 221
407, 778
95, 202
95, 797
485, 765
485, 234
959, 577
959, 422
536, 797
536, 202
270, 687
270, 312
95, 176
95, 823
817, 390
817, 609
251, 531
251, 468
205, 443
205, 556
472, 908
472, 91
219, 33
219, 966
614, 719
614, 280
895, 312
895, 687
596, 856
596, 143
160, 687
160, 312
95, 488
95, 511
881, 745
881, 254
674, 376
674, 623
381, 422
381, 577
173, 390
173, 609
316, 357
316, 642
95, 443
95, 556
725, 856
725, 143
647, 623
647, 376
49, 577
49, 422
927, 986
927, 13
127, 986
127, 13
17, 499
205, 176
205, 823
160, 667
160, 332
426, 668
426, 331
927, 499
881, 544
881, 455
238, 745
238, 254
992, 143
992, 856
82, 700
82, 299
647, 687
647, 312
17, 477
17, 522
381, 266
381, 733
504, 746
504, 253
582, 91
582, 908
127, 390
127, 609
141, 377
141, 622
192, 921
192, 78
674, 468
674, 531
959, 823
959, 176
615, 409
615, 590
973, 765
973, 234
725, 390
725, 609
927, 389
927, 610
17, 13
17, 986
803, 667
803, 332
771, 280
771, 719
725, 124
725, 875
927, 477
927, 522
647, 468
647, 531
17, 634
17, 365
992, 700
992, 299
17, 389
17, 610
817, 986
817, 13
674, 312
674, 687
784, 934
784, 65
173, 986
173, 13
518, 358
518, 641
82, 856
82, 143
63, 124
63, 875
927, 634
927, 365
485, 967
485, 32
219, 345
219, 654
219, 299
219, 700
192, 189
192, 810
127, 499
381, 156
381, 843
49, 823
49, 176
348, 590
348, 409
518, 486
518, 513
329, 409
329, 590
959, 444
959, 555
485, 390
485, 609
674, 46
674, 953
959, 511
959, 488
270, 468
270, 531
458, 875
458, 124
238, 13
238, 986
485, 454
485, 545
895, 577
895, 422
973, 345
973, 654
771, 499
647, 953
647, 46
160, 422
160, 577
738, 823
738, 176
914, 843
914, 156
959, 201
959, 798
706, 280
706, 719
615, 564
615, 435
614, 14
614, 985
862, 700
862, 299
219, 765
219, 234
569, 344
569, 655
381, 110
381, 889
536, 934
536, 65
49, 488
49, 511
49, 555
49, 444
348, 719
348, 280
127, 522
127, 477
914, 732
914, 267
472, 175
472, 824
192, 33
192, 966
141, 65
141, 934
4, 888
4, 111
440, 253
440, 746
849, 532
849, 467
569, 78
569, 921
82, 765
82, 234
63, 589
63, 410
706, 746
706, 253
674, 221
674, 778
127, 634
127, 365
693, 357
693, 642
49, 797
49, 202
706, 986
706, 13
205, 467
205, 532
63, 745
63, 254
362, 908
362, 91
582, 824
582, 175
95, 466
95, 533
569, 499
297, 422
297, 577
725, 409
725, 590
316, 91
316, 908
316, 824
316, 175
173, 499
992, 765
992, 234
17, 901
17, 98
238, 280
238, 719
569, 188
569, 811
784, 667
784, 332
297, 266
297, 733
647, 778
647, 221
803, 202
803, 797
738, 357
738, 642
283, 435
283, 564
836, 921
836, 78
485, 298
485, 701
817, 499
82, 654
82, 345
407, 202
407, 797
628, 908
628, 91
895, 202
895, 797
973, 124
973, 875
914, 778
914, 221
738, 908
738, 91
518, 668
518, 331
927, 901
927, 98
297, 110
297, 889
862, 143
862, 856
362, 175
362, 824
297, 843
297, 156
458, 857
458, 142
205, 91
205, 908
30, 111
30, 888
596, 280
596, 719
329, 280
329, 719
959, 466
959, 533
881, 13
881, 986
992, 654
992, 345
270, 513
270, 486
862, 234
862, 765
895, 176
895, 823
836, 810
836, 189
381, 312
381, 687
536, 358
536, 641
380, 376
380, 623
127, 720
127, 279
17, 566
17, 433
817, 280
817, 719
927, 279
927, 720
563, 577
563, 422
270, 65
270, 934
348, 14
348, 985
219, 856
219, 143
862, 654
862, 345
173, 279
173, 720
160, 797
160, 202
913, 953
913, 46
973, 745
973, 254
569, 234
569, 765
752, 921
752, 78
614, 253
614, 746
738, 442
738, 557
380, 468
380, 531
849, 91
849, 908
628, 175
628, 824
563, 733
563, 266
192, 700
192, 299
881, 609
881, 390
536, 486
536, 513
895, 488
895, 511
141, 332
141, 667
63, 455
63, 544
836, 966
836, 33
973, 410
973, 589
17, 279
17, 720
173, 477
173, 522
238, 499
895, 443
895, 556
49, 533
49, 466
141, 312
141, 687
426, 91
426, 908
784, 797
784, 202
693, 175
693, 824
127, 98
127, 901
348, 435
348, 564
693, 908
693, 91
550, 830
550, 169
394, 830
394, 169
881, 499
927, 566
927, 433
817, 477
817, 522
407, 65
407, 934
752, 810
752, 189
563, 156
563, 843
173, 634
173, 365
192, 654
192, 345
329, 985
329, 14
485, 124
485, 875
940, 888
940, 111
380, 953
380, 46
297, 377
297, 622
596, 591
596, 408
348, 746
348, 253
81, 875
81, 124
569, 32
569, 967
219, 455
219, 544
991, 124
991, 875
817, 634
817, 365
270, 202
270, 797
192, 765
192, 234
205, 357
205, 642
569, 545
569, 454
95, 91
95, 908
881, 477
881, 522
251, 175
251, 824
803, 488
803, 511
569, 390
569, 609
881, 634
881, 365
4, 156
4, 843
270, 668
270, 331
219, 875
219, 124
563, 110
563, 889
329, 253
329, 746
504, 830
504, 169
660, 830
660, 169
992, 745
992, 254
160, 488
160, 511
752, 967
752, 32
95, 287
95, 712
973, 455
973, 544
596, 985
596, 14
596, 564
596, 435
771, 98
771, 901
771, 635
771, 364
458, 719
458, 280
536, 330
536, 669
992, 589
992, 410
426, 175
426, 824
913, 934
913, 65
160, 443
160, 556
518, 907
518, 92
4, 732
4, 267
297, 468
297, 531
959, 712
959, 287
329, 564
329, 435
82, 589
82, 410
283, 98
283, 901
173, 98
173, 901
141, 423
141, 576
706, 564
706, 435
914, 622
914, 377
784, 488
784, 511
297, 46
297, 953
192, 143
192, 856
4, 778
4, 221
380, 220
380, 779
160, 823
160, 176
660, 902
660, 97
752, 654
752, 345
817, 98
817, 901
303, 499
849, 287
849, 712
30, 156
30, 843
862, 124
862, 875
394, 97
394, 902
803, 443
803, 556
563, 312
563, 687
95, 399
95, 600
297, 687
297, 312
63, 13
63, 986
959, 600
959, 399
836, 700
836, 299
569, 701
569, 298
849, 642
849, 357
82, 745
82, 254
251, 442
251, 557
895, 467
895, 532
127, 433
127, 566
486, 142
486, 857
49, 712
49, 287
297, 221
297, 778
251, 908
251, 91
30, 267
30, 732
881, 279
881, 720
674, 797
674, 202
803, 823
803, 176
407, 486
407, 513
219, 590
219, 409
647, 797
647, 202
3, 953
3, 46
752, 299
752, 700
959, 908
959, 91
283, 830
283, 169
375, 499
550, 902
550, 97
375, 655
375, 344
63, 499
674, 934
674, 65
95, 356
95, 643
408, 641
408, 358
472, 247
472, 752
881, 901
881, 98
303, 78
303, 921
30, 221
30, 778
141, 202
141, 797
992, 544
992, 455
375, 78
375, 921
771, 477
771, 522
251, 357
251, 642
752, 455
752, 544
49, 399
49, 600
563, 623
563, 376
440, 830
440, 169
752, 765
752, 234
725, 746
725, 253
63, 634
63, 365
49, 908
49, 91
63, 609
63, 390
63, 522
63, 477
940, 156
940, 843
375, 188
375, 811
862, 589
862, 410
563, 467
563, 532
647, 65
647, 934
725, 14
725, 985
108, 78
108, 921
82, 544
82, 455
836, 654
836, 345
959, 643
959, 356
836, 234
836, 765
725, 719
725, 280
283, 635
283, 364
303, 188
303, 811
940, 267
940, 732
30, 46
30, 953
303, 655
303, 344
518, 175
518, 824
3, 934
3, 65
114, 888
114, 111
835, 856
835, 143
596, 253
596, 746
504, 902
504, 97
491, 422
491, 577
849, 399
849, 600
973, 986
973, 13
914, 667
914, 332
458, 408
458, 591
758, 888
758, 111
407, 668
407, 331
17, 210
17, 789
563, 46
563, 953
536, 907
536, 92
582, 247
582, 752
238, 98
238, 901
491, 733
491, 266
458, 14
458, 985
108, 33
108, 966
973, 499
192, 124
192, 875
205, 287
205, 712
458, 435
458, 564
758, 732
758, 267
108, 189
108, 810
674, 486
674, 513
238, 635
238, 364
771, 169
771, 830
940, 221
940, 778
303, 545
303, 454
17, 677
17, 322
973, 365
973, 634
95, 20
95, 979
569, 124
569, 875
49, 356
49, 643
973, 477
973, 522
849, 979
849, 20
758, 156
758, 843
895, 91
895, 908
784, 443
784, 556
491, 156
491, 843
973, 389
973, 610
784, 175
784, 824
160, 467
160, 532
63, 98
63, 901
375, 765
375, 234
219, 609
219, 390
141, 176
141, 823
959, 20
959, 979
486, 280
486, 719
674, 668
674, 331
940, 46
940, 953
375, 454
375, 545
862, 745
862, 254
927, 790
927, 209
380, 797
380, 202
17, 831
17, 168
375, 967
375, 32
440, 902
440, 97
205, 979
205, 20
302, 32
302, 967
647, 486
647, 513
141, 443
141, 556
30, 65
30, 934
771, 434
771, 565
803, 467
803, 532
141, 488
141, 511
927, 831
927, 168
914, 687
914, 312
491, 110
491, 889
895, 287
895, 712
862, 544
862, 455
192, 589
192, 410
881, 566
881, 433
316, 441
316, 558
4, 622
4, 377
992, 499
752, 143
752, 856
49, 20
49, 979
173, 434
173, 565
803, 91
803, 908
973, 98
973, 901
303, 234
303, 765
127, 830
127, 169
614, 829
614, 170
81, 985
81, 14
992, 477
992, 522
991, 985
991, 14
927, 677
927, 322
63, 279
63, 720
564, 220
564, 779
758, 622
758, 377
992, 634
992, 365
660, 635
660, 364
219, 253
219, 746
160, 908
160, 91
114, 843
114, 156
817, 169
817, 830
569, 857
569, 142
817, 565
817, 434
375, 609
375, 390
647, 668
647, 331
706, 97
706, 902
192, 455
192, 544
362, 247
362, 752
992, 389
992, 610
491, 687
491, 312
114, 732
114, 267
641, 500
536, 175
536, 824
173, 169
173, 830
835, 875
835, 124
380, 64
380, 935
238, 830
238, 169
693, 441
693, 558
738, 979
738, 20
641, 655
641, 344
303, 299
303, 700
641, 78
641, 921
30, 377
30, 622
4, 667
4, 332
752, 875
752, 124
375, 298
375, 701
628, 752
628, 247
550, 325
550, 674
895, 399
895, 600
784, 467
784, 532
914, 422
914, 577
739, 713
739, 286
706, 830
706, 169
940, 65
940, 934
63, 433
63, 566
614, 902
614, 97
238, 435
238, 564
82, 499
316, 247
316, 752
408, 92
408, 907
472, 20
472, 979
127, 209
127, 790
895, 356
895, 643
486, 436
486, 563
680, 500
641, 188
641, 811
219, 985
219, 14
394, 325
394, 674
297, 934
297, 65
757, 953
757, 46
426, 247
426, 752
114, 221
114, 778
758, 778
758, 221
784, 908
784, 91
82, 390
82, 609
486, 408
486, 591
486, 985
486, 14
991, 901
991, 98
491, 376
491, 623
504, 325
504, 674
270, 175
270, 824
458, 253
458, 746
973, 720
973, 279
647, 641
647, 358
472, 597
472, 402
582, 20
582, 979
491, 468
491, 531
316, 20
316, 979
82, 522
82, 477
82, 365
82, 634
973, 566
973, 433
297, 797
297, 202
108, 299
108, 700
913, 797
913, 202
362, 441
362, 558
297, 486
297, 513
830, 111
830, 888
674, 358
674, 641
472, 441
472, 558
940, 377
940, 622
30, 332
30, 667
114, 953
114, 46
752, 409
752, 590
582, 558
582, 441
757, 576
757, 423
394, 364
394, 635
680, 78
680, 921
895, 20
895, 979
348, 830
348, 169
238, 476
238, 523
205, 600
205, 399
863, 985
863, 14
491, 953
491, 46
803, 357
803, 642
836, 410
836, 589
913, 823
913, 176
108, 143
108, 856
738, 247
738, 752
394, 480
394, 519
380, 513
380, 486
270, 358
270, 641
348, 902
348, 97
141, 532
141, 467
362, 19
362, 980
205, 753
205, 246
680, 655
680, 344
550, 519
550, 480
849, 753
849, 246
95, 245
95, 754
452, 577
452, 422
706, 364
706, 635
192, 746
192, 253
302, 609
302, 390
680, 188
680, 811
127, 677
127, 322
752, 390
752, 609
641, 454
641, 545
641, 765
641, 234
564, 202
564, 797
862, 390
862, 609
582, 402
582, 597
881, 830
881, 169
628, 441
628, 558
160, 642
160, 357
992, 566
992, 433
270, 92
270, 907
186, 888
186, 111
452, 266
452, 733
4, 687
4, 312
518, 247
518, 752
297, 331
297, 668
569, 719
569, 280
959, 245
959, 754
660, 325
660, 674
330, 170
330, 829
380, 641
380, 358
693, 752
693, 247
641, 967
641, 32
330, 97
330, 902
81, 901
81, 98
160, 287
160, 712
946, 966
946, 33
408, 175
408, 824
628, 979
628, 20
660, 480
660, 519
375, 124
375, 875
914, 511
914, 488
784, 357
784, 642
219, 719
219, 280
316, 286
316, 713
693, 20
693, 979
946, 921
946, 78
914, 443
914, 556
440, 325
440, 674
380, 669
380, 330
830, 267
830, 732
992, 279
992, 720
108, 765
108, 234
192, 390
192, 609
141, 91
141, 908
940, 332
940, 667
830, 156
830, 843
680, 454
680, 545
596, 170
596, 829
758, 687
758, 312
504, 519
504, 480
452, 843
452, 156
550, 635
550, 364
4, 422
4, 577
3, 176
3, 823
173, 209
173, 790
725, 435
725, 564
491, 779
491, 220
836, 544
836, 455
49, 245
49, 754
302, 142
302, 857
302, 124
302, 875
108, 345
108, 654
835, 746
835, 253
946, 810
946, 189
30, 312
30, 687
881, 790
881, 209
564, 935
564, 64
82, 720
82, 279
817, 209
817, 790
186, 267
186, 732
251, 286
251, 713
862, 499
251, 979
251, 20
375, 142
375, 857
192, 14
192, 985
186, 843
186, 156
486, 252
486, 747
453, 110
453, 889
114, 622
114, 377
641, 390
641, 609
771, 209
771, 790
680, 32
680, 967
114, 934
114, 65
803, 286
803, 713
680, 234
680, 765
674, 92
674, 907
693, 286
693, 713
959, 867
959, 132
17, 943
17, 56
95, 867
95, 132
641, 298
641, 701
674, 175
674, 824
504, 636
504, 363
414, 344
414, 655
426, 19
426, 980
568, 563
568, 436
362, 286
362, 713
568, 408
568, 591
646, 907
646, 92
159, 20
159, 979
830, 221
830, 778
582, 713
582, 286
596, 97
596, 902
725, 97
725, 902
472, 713
472, 286
862, 477
862, 522
414, 921
414, 78
862, 365
862, 634
30, 422
30, 577
4, 444
4, 555
283, 675
283, 324
3, 797
3, 202
63, 209
63, 790
4, 488
4, 511
270, 441
270, 558
940, 312
940, 687
414, 499
440, 519
440, 480
830, 46
830, 953
536, 751
536, 248
453, 687
453, 312
568, 14
568, 985
426, 441
426, 558
362, 403
362, 596
160, 600
160, 399
458, 829
458, 170
30, 823
30, 176
835, 985
835, 14
49, 867
49, 132
225, 111
225, 888
849, 867
849, 132
82, 566
82, 433
757, 64
757, 935
413, 188
413, 811
927, 56
927, 943
219, 499
803, 20
803, 979
36, 966
36, 33
63, 830
63, 169
881, 677
881, 322
283, 209
283, 790
394, 58
394, 941
564, 358
564, 641
914, 467
914, 532
973, 209
973, 790
108, 124
108, 875
426, 403
426, 596
440, 636
440, 363
647, 175
647, 824
628, 402
628, 597
173, 322
173, 677
680, 700
680, 299
628, 713
628, 286
141, 287
141, 712
862, 280
862, 719
36, 921
36, 78
264, 499
225, 732
225, 267
251, 247
251, 752
550, 941
550, 58
660, 941
660, 58
752, 253
752, 746
771, 323
771, 676
453, 623
453, 376
186, 221
186, 778
453, 531
453, 468
863, 97
863, 902
225, 156
225, 843
491, 797
491, 202
614, 325
614, 674
141, 357
141, 642
564, 485
564, 514
817, 322
817, 677
302, 408
302, 591
186, 46
186, 953
614, 636
614, 363
752, 985
752, 14
63, 322
63, 677
36, 810
36, 189
830, 622
830, 377
30, 202
30, 797
940, 577
940, 422
518, 980
518, 19
413, 234
413, 765
660, 790
660, 209
725, 830
725, 169
283, 519
283, 480
30, 444
30, 555
30, 488
30, 511
114, 332
114, 667
192, 719
192, 280
835, 390
835, 609
757, 668
757, 331
380, 907
380, 92
973, 322
973, 677
680, 609
680, 390
453, 46
453, 953
283, 941
283, 58
895, 246
895, 753
127, 57
127, 942
518, 403
518, 596
316, 402
316, 597
330, 363
330, 636
564, 669
564, 330
186, 377
186, 622
784, 286
784, 713
504, 940
504, 59
725, 364
725, 635
4, 466
4, 533
946, 856
946, 143
973, 168
973, 831
348, 636
348, 363
238, 209
238, 790
205, 867
205, 132
991, 790
991, 209
758, 488
758, 511
614, 481
614, 518
602, 422
602, 577
641, 124
641, 875
913, 907
913, 92
940, 176
940, 823
568, 747
568, 252
219, 902
219, 97
738, 400
738, 599
413, 32
413, 967
757, 202
757, 797
108, 410
108, 589
297, 641
297, 358
771, 58
771, 941
785, 980
785, 19
264, 921
264, 78
946, 700
946, 299
114, 687
114, 312
518, 441
518, 558
141, 979
141, 20
219, 364
219, 635
394, 209
394, 790
642, 142
642, 857
413, 545
413, 454
602, 733
602, 266
940, 202
940, 797
375, 280
375, 719
992, 677
992, 322
192, 499
752, 280
752, 719
458, 97
458, 902
413, 609
413, 390
490, 935
490, 64
375, 408
375, 591
486, 829
486, 170
225, 622
225, 377
141, 399
141, 600
408, 751
408, 248
453, 220
453, 779
913, 712
913, 287
108, 745
108, 254
264, 811
264, 188
379, 174
379, 825
830, 65
830, 934
803, 600
803, 399
602, 156
602, 843
440, 940
440, 59
868, 888
868, 111
426, 713
426, 286
173, 942
173, 57
297, 824
297, 175
940, 511
940, 488
679, 142
679, 857
940, 556
940, 443
817, 941
817, 58
679, 124
679, 875
536, 19
536, 980
238, 323
238, 676
225, 778
225, 221
992, 168
992, 831
30, 466
30, 533
413, 298
413, 701
530, 655
530, 344
225, 953
225, 46
895, 132
895, 867
3, 712
3, 287
297, 907
297, 92
602, 889
602, 110
550, 790
550, 209
835, 719
835, 280
348, 325
348, 674
530, 921
530, 78
738, 132
738, 867
536, 403
536, 596
693, 597
693, 402
160, 753
160, 246
264, 967
264, 32
376, 436
376, 563
946, 234
946, 765
490, 358
490, 641
803, 752
803, 247
706, 324
706, 675
907, 78
907, 921
302, 14
302, 985
376, 984
376, 15
719, 110
719, 889
302, 719
302, 280
81, 830
81, 169
192, 364
192, 635
719, 266
719, 733
36, 856
36, 143
264, 654
264, 345
191, 902
191, 97
530, 499
565, 906
565, 93
348, 481
348, 518
108, 455
108, 544
836, 499
472, 135
472, 864
914, 399
914, 600
114, 576
114, 423
530, 188
530, 811
219, 476
219, 523
907, 33
907, 966
81, 209
81, 790
536, 440
536, 559
719, 843
719, 156
264, 455
264, 544
4, 600
4, 399
490, 514
490, 485
596, 325
596, 674
718, 577
718, 422
238, 58
238, 941
706, 519
706, 480
830, 312
830, 687
192, 477
192, 522
330, 481
330, 518
187, 935
187, 64
114, 797
114, 202
907, 189
907, 810
881, 57
881, 942
946, 654
946, 345
862, 433
862, 566
913, 980
913, 19
3, 908
3, 91
109, 985
109, 14
749, 499
504, 208
504, 791
835, 902
835, 97
36, 700
36, 299
835, 635
835, 364
582, 864
582, 135
302, 746
302, 253
602, 687
602, 312
486, 903
486, 96
269, 980
269, 19
913, 642
913, 357
706, 208
706, 791
186, 312
186, 687
376, 252
376, 747
868, 156
868, 843
614, 59
614, 940
330, 325
330, 674
830, 331
830, 668
602, 623
602, 376
530, 765
530, 234
868, 732
868, 267
316, 133
316, 866
596, 363
596, 636
219, 829
219, 170
489, 670
489, 329
565, 173
565, 826
264, 299
264, 700
518, 714
518, 285
264, 234
264, 765
596, 481
596, 518
836, 522
836, 477
453, 202
453, 797
30, 287
30, 712
940, 532
940, 467
784, 247
784, 752
251, 399
251, 600
642, 408
642, 591
675, 440
675, 559
946, 875
946, 124
413, 875
413, 124
225, 576
225, 423
337, 422
337, 577
602, 468
602, 531
113, 175
113, 824
719, 377
719, 622
408, 980
408, 19
3, 20
3, 979
270, 713
270, 286
408, 440
408, 559
706, 58
706, 941
458, 326
458, 673
679, 591
679, 408
82, 322
82, 677
31, 92
31, 907
757, 468
757, 531
4, 643
4, 356
440, 208
440, 791
830, 576
830, 423
301, 562
301, 437
225, 687
225, 312
863, 829
863, 170
868, 778
868, 221
602, 953
602, 46
362, 135
362, 864
186, 423
186, 576
30, 399
30, 600
756, 174
756, 825
646, 248
646, 751
642, 280
642, 719
269, 248
269, 751
530, 967
530, 32
337, 733
337, 266
645, 560
645, 439
36, 765
36, 234
784, 399
784, 600
187, 331
187, 668
413, 857
413, 142
868, 953
868, 46
643, 15
643, 984
63, 57
63, 942
753, 903
753, 96
530, 390
530, 609
408, 404
408, 595
457, 517
457, 482
628, 135
628, 864
454, 64
454, 935
752, 499
114, 443
114, 556
530, 545
530, 454
675, 981
675, 18
693, 133
693, 866
719, 46
719, 953
941, 92
941, 907
224, 64
224, 935
830, 202
830, 797
675, 248
675, 751
141, 246
141, 753
337, 156
337, 843
114, 488
114, 511
160, 867
160, 132
536, 285
536, 714
946, 745
946, 254
348, 59
348, 940
614, 791
614, 208
108, 390
108, 609
148, 921
148, 78
36, 654
36, 345
31, 19
31, 980
791, 78
791, 921
251, 867
251, 132
219, 435
219, 564
719, 221
719, 778
946, 410
946, 589
940, 287
940, 712
973, 56
973, 943
601, 779
601, 220
336, 110
336, 889
678, 718
678, 281
191, 170
191, 829
454, 359
454, 640
30, 356
30, 643
330, 940
330, 59
719, 468
719, 531
719, 312
719, 687
148, 810
148, 189
108, 499
187, 796
187, 203
791, 189
791, 810
36, 875
36, 124
907, 299
907, 700
348, 208
348, 791
109, 97
109, 902
530, 701
530, 298
908, 856
908, 143
265, 857
265, 142
147, 966
147, 33
75, 111
75, 888
330, 792
330, 207
863, 208
863, 791
108, 634
108, 365
426, 136
426, 863
803, 131
803, 868
597, 60
597, 939
757, 558
757, 441
108, 522
108, 477
224, 668
224, 331
753, 363
753, 636
992, 943
992, 56
408, 714
408, 285
940, 600
940, 399
941, 19
941, 980
264, 875
264, 124
412, 281
412, 718
831, 174
831, 825
791, 966
791, 33
868, 622
868, 377
336, 376
336, 623
868, 934
868, 65
756, 640
756, 359
724, 207
724, 792
109, 280
109, 719
113, 907
113, 92
36, 745
36, 254
835, 170
835, 829
946, 544
946, 455
223, 203
223, 796
945, 985
945, 14
908, 235
908, 764
725, 325
725, 674
341, 623
341, 376
114, 532
114, 467
264, 390
264, 609
336, 468
336, 531
141, 131
141, 868
337, 687
337, 312
940, 356
940, 643
530, 124
530, 875
192, 565
192, 434
36, 410
36, 589
722, 484
722, 515
518, 137
518, 862
600, 796
600, 203
724, 939
724, 60
264, 590
264, 409
907, 345
907, 654
342, 531
342, 468
913, 753
913, 246
336, 953
336, 46
752, 436
752, 563
220, 792
220, 207
791, 700
791, 299
720, 64
720, 935
862, 677
862, 322
784, 867
784, 132
531, 857
531, 142
75, 156
75, 843
791, 654
791, 345
147, 700
147, 299
4, 245
4, 754
836, 434
836, 565
984, 888
984, 111
81, 941
81, 58
830, 556
830, 443
341, 46
341, 953
830, 488
830, 511
75, 267
75, 732
908, 124
908, 875
791, 765
791, 234
335, 779
335, 220
913, 868
913, 131
75, 221
75, 778
868, 667
868, 332
3, 868
3, 131
36, 544
36, 455
147, 856
147, 143
113, 713
113, 286
536, 137
536, 862
186, 488
186, 511
868, 687
868, 312
946, 634
946, 365
946, 499
946, 609
946, 390
75, 46
75, 953
147, 765
147, 234
186, 443
186, 556
147, 345
147, 654
225, 488
225, 511
946, 477
946, 522
108, 433
108, 566
30, 245
30, 754
791, 143
791, 856
270, 597
270, 402
908, 253
908, 746
863, 59
863, 940
114, 642
114, 357
907, 410
907, 589
219, 324
219, 675
868, 576
868, 423
31, 869
31, 130
76, 65
76, 934
984, 156
984, 843
36, 634
36, 365
114, 600
114, 399
789, 125
789, 874
830, 467
830, 532
36, 499
146, 874
146, 125
946, 719
946, 280
36, 390
36, 609
984, 267
984, 732
36, 477
36, 522
985, 221
985, 778
224, 442
224, 557
75, 377
75, 622
940, 245
940, 754
985, 46
985, 953
907, 544
907, 455
791, 544
791, 455
186, 467
186, 532
946, 566
946, 433
192, 323
192, 676
791, 589
791, 410
147, 410
147, 589
985, 65
985, 934
75, 332
75, 667
224, 468
224, 531
836, 677
836, 322
868, 556
868, 443
868, 511
868, 488
36, 433
36, 566
75, 312
75, 687
908, 390
908, 609
984, 377
984, 622
148, 455
148, 544
108, 677
108, 322
908, 364
908, 635
907, 499
907, 477
907, 522
985, 332
985, 667
75, 577
75, 422
868, 467
868, 532
147, 390
147, 609
946, 678
946, 321
985, 312
985, 687
75, 443
75, 556
75, 488
75, 511
984, 577
984, 422
36, 678
36, 321
147, 499
907, 433
907, 566
984, 444
984, 555
984, 511
984, 488
75, 532
75, 467
148, 477
148, 522
791, 499
984, 466
984, 533
792, 477
792, 522
75, 399
75, 600
984, 600
984, 399
147, 565
147, 434
984, 356
984, 643
148, 677
148, 322
