95, 244
95, 755
17, 166
17, 833
849, 244
849, 755
472, 888
472, 111
771, 322
771, 677
472, 266
472, 733
127, 322
127, 677
959, 755
959, 244
316, 599
316, 400
927, 322
927, 677
504, 344
504, 655
660, 567
660, 432
17, 787
17, 212
173, 322
173, 677
49, 755
49, 244
927, 166
927, 833
472, 156
472, 843
205, 644
205, 355
504, 810
504, 189
816, 322
816, 677
927, 787
927, 212
17, 322
17, 677
849, 644
849, 355
550, 78
550, 921
504, 921
504, 78
738, 400
738, 599
550, 810
550, 189
283, 322
283, 677
738, 354
738, 645
205, 244
205, 755
693, 599
693, 400
550, 33
550, 966
927, 277
927, 722
17, 277
17, 722
361, 599
361, 400
394, 567
394, 432
238, 322
238, 677
17, 56
17, 943
504, 966
504, 33
95, 644
95, 355
504, 521
504, 478
959, 865
959, 134
127, 787
127, 212
849, 709
849, 290
205, 599
205, 400
895, 244
895, 755
881, 677
881, 322
127, 722
127, 277
283, 433
283, 566
582, 888
582, 111
95, 865
95, 134
472, 221
472, 778
205, 709
205, 290
49, 865
49, 134
504, 610
504, 389
504, 234
504, 765
127, 166
127, 833
95, 709
95, 290
628, 400
628, 599
472, 687
472, 312
504, 700
504, 299
394, 78
394, 921
394, 966
394, 33
472, 578
472, 421
849, 400
849, 599
582, 554
582, 445
959, 644
959, 355
316, 354
316, 645
550, 765
550, 234
439, 522
439, 477
440, 78
440, 921
927, 56
927, 943
472, 953
472, 46
472, 466
472, 533
173, 276
173, 723
582, 156
582, 843
251, 354
251, 645
49, 644
49, 355
472, 623
472, 376
881, 787
881, 212
283, 631
283, 368
959, 290
959, 709
251, 400
251, 599
817, 723
817, 276
440, 189
440, 810
173, 212
173, 787
440, 33
440, 966
849, 865
849, 134
771, 433
771, 566
693, 354
693, 645
959, 911
959, 88
550, 344
550, 655
49, 290
49, 709
881, 723
881, 276
394, 478
394, 521
160, 755
160, 244
738, 290
738, 709
881, 833
881, 166
518, 266
518, 733
426, 888
426, 111
550, 299
550, 700
817, 212
817, 787
518, 888
518, 111
895, 644
895, 355
771, 722
771, 277
17, 101
17, 898
615, 567
615, 432
660, 367
660, 632
63, 322
63, 677
95, 599
95, 400
504, 856
504, 143
504, 565
504, 434
49, 88
49, 911
550, 856
550, 143
63, 166
63, 833
95, 800
95, 199
738, 755
738, 244
706, 322
706, 677
394, 810
394, 189
959, 198
959, 801
771, 368
771, 631
63, 787
63, 212
95, 911
95, 88
973, 166
973, 833
895, 290
895, 709
706, 566
706, 433
660, 677
660, 322
348, 567
348, 432
160, 355
160, 644
173, 166
173, 833
518, 156
518, 843
49, 198
49, 801
803, 644
803, 355
895, 865
895, 134
582, 953
582, 46
238, 433
238, 566
927, 101
927, 898
472, 65
472, 934
973, 212
973, 787
582, 732
582, 267
849, 800
849, 199
426, 843
426, 156
771, 787
771, 212
803, 755
803, 244
992, 833
992, 166
17, 10
17, 989
660, 966
660, 33
283, 387
283, 612
817, 833
817, 166
63, 276
63, 723
771, 612
771, 387
518, 421
518, 578
127, 433
127, 566
816, 566
816, 433
173, 566
173, 433
973, 322
973, 677
329, 432
329, 567
582, 778
582, 221
927, 433
927, 566
238, 368
238, 631
959, 976
959, 23
160, 709
160, 290
127, 56
127, 943
440, 765
440, 234
141, 244
141, 755
518, 466
518, 533
628, 888
628, 111
959, 599
959, 400
251, 290
251, 709
784, 354
784, 645
660, 921
660, 78
238, 722
238, 277
817, 368
817, 631
992, 212
992, 787
173, 368
173, 631
537, 111
537, 888
127, 368
127, 631
518, 312
518, 687
127, 387
127, 612
628, 446
628, 553
504, 124
504, 875
17, 433
17, 566
550, 124
550, 875
49, 599
49, 400
973, 277
973, 722
251, 244
251, 755
803, 709
803, 290
706, 368
706, 631
362, 111
362, 888
17, 878
17, 121
927, 387
927, 612
518, 221
518, 778
849, 911
849, 88
95, 820
95, 179
283, 722
283, 277
49, 976
49, 23
362, 534
362, 465
362, 553
362, 446
394, 143
394, 856
173, 612
173, 387
817, 612
817, 387
205, 865
205, 134
803, 599
803, 400
628, 465
628, 534
426, 732
426, 267
927, 368
927, 631
82, 322
82, 677
95, 23
95, 976
426, 554
426, 445
992, 322
992, 677
582, 65
582, 934
440, 143
440, 856
537, 733
537, 266
973, 56
973, 943
849, 179
849, 820
849, 309
849, 690
895, 400
895, 599
615, 33
615, 966
518, 623
518, 376
127, 101
127, 898
895, 198
895, 801
17, 612
17, 387
95, 309
95, 690
238, 612
238, 387
959, 179
959, 820
615, 921
615, 78
160, 599
160, 400
426, 953
426, 46
771, 166
771, 833
205, 800
205, 199
537, 156
537, 843
440, 299
440, 700
927, 10
927, 989
63, 56
63, 943
316, 710
316, 289
784, 244
784, 755
660, 387
660, 612
992, 943
992, 56
784, 400
784, 599
927, 878
927, 121
992, 722
992, 277
82, 787
82, 212
17, 631
17, 368
472, 797
472, 202
82, 833
82, 166
141, 644
141, 355
725, 677
725, 322
426, 778
426, 221
49, 179
49, 820
394, 234
394, 765
238, 212
238, 787
895, 88
895, 911
316, 465
316, 534
518, 46
518, 953
440, 344
440, 655
582, 535
582, 464
881, 943
881, 56
914, 755
914, 244
205, 309
205, 690
361, 354
361, 645
693, 289
693, 710
660, 521
660, 478
881, 566
881, 433
270, 599
270, 400
784, 290
784, 709
959, 690
959, 309
628, 156
628, 843
862, 322
862, 677
550, 610
550, 389
550, 477
550, 522
82, 277
82, 722
141, 290
141, 709
270, 354
270, 645
628, 46
628, 953
49, 309
49, 690
205, 820
205, 179
362, 156
362, 843
362, 46
362, 953
394, 124
394, 875
881, 612
881, 387
283, 211
283, 788
881, 631
881, 368
160, 865
160, 134
738, 466
738, 533
849, 976
849, 23
706, 612
706, 387
394, 367
394, 632
219, 677
219, 322
440, 875
440, 124
582, 599
582, 400
927, 258
927, 741
205, 533
205, 466
881, 101
881, 898
472, 668
472, 331
4, 755
4, 244
426, 934
426, 65
615, 521
615, 478
537, 221
537, 778
329, 368
329, 631
127, 742
127, 257
693, 534
693, 465
849, 533
849, 466
17, 258
17, 741
283, 966
283, 33
329, 322
329, 677
127, 878
127, 121
316, 553
316, 446
173, 56
173, 943
895, 179
895, 820
63, 101
63, 898
628, 644
628, 355
725, 566
725, 433
615, 810
615, 189
582, 687
582, 312
674, 400
674, 599
316, 888
316, 111
316, 755
316, 244
596, 78
596, 921
459, 78
459, 921
205, 910
205, 89
459, 810
459, 189
973, 101
973, 898
596, 33
596, 966
173, 101
173, 898
518, 934
518, 65
895, 690
895, 309
238, 166
238, 833
771, 742
771, 257
693, 755
693, 244
283, 478
283, 521
348, 632
348, 367
127, 988
127, 11
17, 231
17, 768
472, 357
472, 642
537, 312
537, 687
738, 690
738, 309
596, 432
596, 567
660, 855
660, 144
95, 466
95, 533
173, 742
173, 257
895, 976
895, 23
537, 953
537, 46
30, 244
30, 755
660, 810
660, 189
817, 56
817, 943
817, 742
817, 257
628, 65
628, 934
504, 719
504, 280
160, 800
160, 199
4, 865
4, 134
596, 521
596, 478
817, 101
817, 898
362, 65
362, 934
927, 231
927, 768
141, 400
141, 599
348, 966
348, 33
738, 199
738, 800
459, 966
459, 33
192, 677
192, 322
141, 134
141, 865
647, 599
647, 400
862, 212
862, 787
504, 746
504, 253
316, 45
316, 954
862, 276
862, 723
660, 722
660, 277
725, 631
725, 368
992, 101
992, 898
706, 277
706, 722
283, 921
283, 78
63, 433
63, 566
394, 299
394, 700
914, 644
914, 355
914, 134
914, 865
582, 797
582, 202
407, 888
407, 111
771, 521
771, 478
426, 687
426, 312
82, 943
82, 56
348, 921
348, 78
550, 253
550, 746
283, 742
283, 257
407, 554
407, 445
63, 612
63, 387
973, 989
973, 10
738, 866
738, 133
803, 865
803, 134
738, 554
738, 445
660, 123
660, 876
693, 446
693, 553
927, 521
927, 478
485, 655
485, 344
485, 810
485, 189
881, 741
881, 258
394, 586
394, 413
913, 709
913, 290
959, 533
959, 466
17, 478
17, 521
738, 821
738, 178
348, 677
348, 322
63, 368
63, 631
316, 933
316, 66
596, 810
596, 189
628, 222
628, 777
862, 166
862, 833
283, 833
283, 166
881, 878
881, 121
940, 244
940, 755
550, 720
550, 279
63, 989
63, 10
127, 478
127, 521
205, 445
205, 554
127, 768
127, 231
771, 100
771, 899
485, 921
485, 78
615, 856
615, 143
472, 175
472, 824
160, 309
160, 690
738, 335
738, 664
238, 257
238, 742
615, 632
615, 367
992, 10
992, 989
836, 677
836, 322
49, 533
49, 466
251, 466
251, 533
173, 121
173, 878
536, 623
536, 376
459, 344
459, 655
693, 888
693, 111
362, 222
362, 777
30, 134
30, 865
160, 911
160, 88
973, 879
973, 120
849, 445
849, 554
803, 199
803, 800
329, 966
329, 33
160, 820
160, 179
63, 120
63, 879
316, 335
316, 664
881, 988
881, 11
205, 976
205, 23
141, 198
141, 801
518, 202
518, 797
459, 234
459, 765
973, 433
973, 566
316, 843
316, 156
205, 335
205, 664
270, 709
270, 290
472, 508
472, 491
706, 33
706, 966
536, 934
536, 65
550, 985
550, 14
693, 45
693, 954
959, 956
959, 43
817, 121
817, 878
173, 478
173, 521
738, 954
738, 45
251, 309
251, 690
771, 56
771, 943
660, 256
660, 743
4, 911
4, 88
803, 690
803, 309
504, 453
504, 546
817, 521
817, 478
95, 43
95, 956
973, 387
973, 612
537, 577
537, 422
329, 387
329, 612
173, 11
173, 988
485, 33
485, 966
504, 14
504, 985
361, 710
361, 289
394, 745
394, 254
17, 499
407, 156
407, 843
95, 445
95, 554
927, 499
582, 667
582, 332
394, 13
394, 986
725, 612
725, 387
238, 478
238, 521
394, 499
95, 68
95, 931
991, 879
991, 120
849, 931
849, 68
394, 612
394, 387
251, 800
251, 199
660, 766
660, 233
973, 368
973, 631
660, 499
849, 335
849, 664
771, 122
771, 877
329, 78
329, 921
426, 797
426, 202
49, 956
49, 43
440, 389
440, 610
706, 211
706, 788
459, 299
459, 700
550, 433
550, 566
738, 932
738, 67
849, 955
849, 44
82, 898
82, 101
283, 877
283, 122
394, 677
394, 322
63, 741
63, 258
913, 198
913, 801
817, 11
817, 988
582, 823
582, 176
959, 69
959, 930
628, 266
628, 733
205, 955
205, 44
693, 66
693, 933
738, 910
738, 89
205, 932
205, 67
426, 464
426, 535
895, 466
895, 533
706, 478
706, 521
219, 276
219, 723
615, 234
615, 765
693, 335
693, 664
348, 478
348, 521
283, 499
4, 644
4, 355
270, 755
270, 244
316, 690
316, 309
316, 200
316, 799
3, 198
3, 801
803, 179
803, 820
127, 499
849, 579
849, 420
251, 866
251, 133
297, 400
297, 599
992, 566
992, 433
485, 765
485, 234
394, 278
394, 721
205, 420
205, 579
771, 966
771, 33
706, 921
706, 78
348, 612
348, 387
771, 499
550, 410
550, 589
82, 433
82, 566
362, 334
362, 665
283, 854
283, 145
518, 668
518, 331
141, 88
141, 911
4, 709
4, 290
615, 875
615, 124
173, 768
173, 231
914, 911
914, 88
660, 586
660, 413
660, 788
660, 211
881, 768
881, 231
49, 930
49, 69
485, 521
485, 478
283, 899
283, 100
440, 253
440, 746
674, 354
674, 645
316, 821
316, 178
959, 554
959, 445
458, 856
458, 143
771, 988
771, 11
725, 723
725, 276
582, 643
582, 356
596, 143
596, 856
485, 390
485, 609
550, 456
550, 543
660, 13
660, 986
817, 768
817, 231
95, 420
95, 579
582, 622
582, 377
141, 309
141, 690
485, 700
485, 299
784, 865
784, 134
940, 865
940, 134
95, 335
95, 664
238, 100
238, 899
693, 690
693, 309
219, 566
219, 433
504, 408
504, 591
192, 723
192, 276
251, 820
251, 179
569, 522
569, 477
992, 612
992, 387
407, 953
407, 46
738, 888
738, 111
628, 665
628, 334
849, 489
849, 510
362, 266
362, 733
30, 644
30, 355
881, 521
881, 478
914, 599
914, 400
82, 612
82, 387
219, 368
219, 631
973, 258
973, 741
752, 322
752, 677
141, 179
141, 820
784, 800
784, 199
628, 798
628, 201
362, 798
362, 201
628, 710
628, 289
30, 88
30, 911
738, 579
738, 420
49, 445
49, 554
160, 533
160, 466
394, 344
394, 655
95, 510
95, 489
518, 641
518, 358
82, 368
82, 631
784, 309
784, 690
160, 976
160, 23
30, 290
30, 709
173, 499
693, 156
693, 843
283, 987
283, 12
803, 533
803, 466
251, 445
251, 554
426, 599
426, 400
329, 478
329, 521
440, 985
440, 14
693, 200
693, 799
803, 88
803, 911
992, 368
992, 631
205, 510
205, 489
440, 279
440, 720
817, 500
771, 768
771, 231
835, 723
835, 276
63, 231
63, 768
238, 966
238, 33
693, 178
693, 821
251, 335
251, 664
407, 464
407, 535
17, 147
17, 852
596, 765
596, 234
536, 797
536, 202
426, 622
426, 377
219, 787
219, 212
518, 491
518, 508
862, 566
862, 433
30, 198
30, 801
959, 578
959, 421
238, 122
238, 877
114, 755
114, 244
927, 147
927, 852
706, 257
706, 742
472, 91
472, 908
283, 232
283, 767
348, 810
348, 189
4, 976
4, 23
238, 56
238, 943
361, 822
361, 177
192, 787
192, 212
426, 332
426, 667
940, 644
940, 355
316, 777
316, 222
771, 921
771, 78
362, 310
362, 689
660, 99
660, 900
738, 977
738, 22
959, 489
959, 510
440, 566
440, 433
973, 768
973, 231
836, 787
836, 212
219, 387
219, 612
862, 368
862, 631
297, 354
297, 645
771, 145
771, 854
108, 322
108, 677
738, 844
738, 155
738, 489
738, 510
959, 664
959, 335
394, 98
394, 901
536, 533
536, 466
348, 855
348, 144
940, 290
940, 709
862, 387
862, 612
49, 579
49, 420
238, 499
991, 258
991, 741
550, 98
550, 901
628, 310
628, 689
784, 820
784, 179
407, 778
407, 221
628, 822
628, 177
660, 832
660, 167
407, 732
407, 267
407, 400
407, 599
81, 879
81, 120
784, 466
784, 533
316, 419
316, 580
82, 989
82, 10
895, 43
895, 956
913, 819
913, 180
251, 910
251, 89
614, 586
614, 413
127, 146
127, 853
485, 856
485, 143
49, 489
49, 510
895, 445
895, 554
426, 823
426, 176
596, 124
596, 875
49, 335
49, 664
440, 499
81, 741
81, 258
381, 599
381, 400
251, 954
251, 45
458, 124
458, 875
881, 499
615, 322
615, 677
706, 832
706, 167
895, 68
895, 931
329, 277
329, 722
361, 755
361, 244
407, 65
407, 934
582, 91
582, 908
862, 56
862, 943
504, 97
504, 902
518, 175
518, 824
549, 499
725, 788
725, 211
17, 455
17, 544
440, 411
440, 588
238, 12
238, 987
3, 819
3, 180
959, 846
959, 153
95, 846
95, 153
615, 612
615, 387
17, 657
17, 342
251, 932
251, 67
141, 976
141, 23
316, 90
316, 909
914, 23
914, 976
316, 510
316, 489
238, 78
238, 921
63, 478
63, 521
459, 389
459, 610
913, 690
913, 309
991, 768
991, 231
192, 566
192, 433
569, 78
569, 921
927, 657
927, 342
849, 845
849, 154
283, 943
283, 56
316, 133
316, 866
173, 146
173, 853
192, 631
192, 368
895, 336
895, 663
283, 810
283, 189
205, 845
205, 154
615, 300
615, 699
940, 88
940, 911
940, 198
940, 801
817, 146
817, 853
927, 455
927, 544
836, 833
836, 166
693, 580
693, 419
536, 668
536, 331
706, 144
706, 855
49, 846
49, 153
108, 787
108, 212
348, 123
348, 876
706, 877
706, 122
283, 413
283, 586
895, 420
895, 579
4, 599
4, 400
238, 768
238, 231
569, 966
569, 33
706, 499
803, 23
803, 976
329, 855
329, 144
693, 133
693, 866
862, 101
862, 898
426, 643
426, 356
803, 663
803, 336
270, 465
270, 534
30, 23
30, 976
192, 166
192, 833
784, 910
784, 89
238, 145
238, 854
160, 445
160, 554
647, 354
647, 645
816, 965
816, 34
108, 276
108, 723
251, 420
251, 579
803, 445
803, 554
219, 166
219, 833
485, 434
485, 565
159, 663
159, 336
693, 223
693, 776
569, 810
569, 189
348, 277
348, 722
192, 387
192, 612
108, 166
108, 833
615, 255
615, 744
173, 34
173, 965
127, 657
127, 342
141, 466
141, 533
660, 301
660, 698
647, 534
647, 465
693, 90
693, 909
615, 499
615, 13
615, 986
114, 644
114, 355
973, 521
973, 478
758, 645
758, 354
647, 553
647, 446
380, 553
380, 446
628, 754
628, 245
738, 223
738, 776
895, 489
895, 510
693, 510
693, 489
329, 810
329, 189
563, 888
563, 111
17, 412
17, 587
30, 400
30, 599
596, 700
596, 299
251, 22
251, 977
440, 98
440, 901
31, 180
31, 819
362, 908
362, 91
63, 499
114, 709
114, 290
361, 510
361, 489
329, 876
329, 123
706, 100
706, 899
485, 875
485, 124
615, 278
615, 721
81, 768
81, 231
881, 852
881, 147
647, 111
647, 888
927, 587
927, 412
3, 690
3, 309
127, 544
127, 455
160, 931
160, 68
674, 534
674, 465
316, 21
316, 978
251, 111
251, 888
205, 111
205, 888
863, 258
863, 741
752, 566
752, 433
706, 12
706, 987
628, 908
628, 91
348, 233
348, 766
205, 775
205, 224
725, 966
725, 33
160, 955
160, 44
785, 336
785, 663
725, 521
725, 478
752, 631
752, 368
381, 888
381, 111
784, 445
784, 554
536, 642
536, 357
440, 457
440, 542
329, 743
329, 256
536, 824
536, 175
771, 413
771, 586
362, 580
362, 419
251, 510
251, 489
758, 599
758, 400
160, 579
160, 420
836, 566
836, 433
127, 965
127, 34
472, 20
472, 979
375, 432
375, 567
394, 168
394, 831
348, 586
348, 413
835, 631
835, 368
270, 690
270, 309
628, 489
628, 510
725, 742
725, 257
803, 579
803, 420
803, 44
803, 955
940, 400
940, 599
706, 767
706, 232
582, 711
582, 288
992, 478
992, 521
817, 77
817, 922
426, 908
426, 91
817, 341
817, 658
348, 256
348, 743
582, 490
582, 509
803, 932
803, 67
973, 500
173, 658
173, 341
725, 166
725, 833
348, 499
173, 77
173, 922
849, 225
849, 774
127, 412
127, 587
582, 20
582, 979
114, 865
114, 134
895, 153
895, 846
596, 367
596, 632
251, 844
251, 155
835, 612
835, 387
329, 211
329, 788
563, 156
563, 843
771, 341
771, 658
674, 446
674, 553
550, 830
550, 169
472, 597
472, 402
491, 733
491, 266
270, 446
270, 553
693, 978
693, 21
63, 147
63, 852
316, 733
316, 266
596, 413
596, 586
30, 309
30, 690
329, 499
946, 833
946, 166
706, 810
706, 189
674, 289
674, 710
518, 92
518, 907
348, 13
348, 986
941, 180
941, 819
940, 976
940, 23
752, 276
752, 723
160, 489
160, 510
862, 878
862, 121
784, 22
784, 977
927, 76
927, 923
127, 77
127, 922
946, 787
946, 212
95, 225
95, 774
381, 465
381, 534
82, 478
82, 521
17, 76
17, 923
491, 888
491, 111
394, 210
394, 789
927, 35
927, 964
303, 433
303, 566
881, 657
881, 342
270, 199
270, 800
550, 634
550, 365
946, 677
946, 322
830, 244
830, 755
491, 578
491, 421
141, 663
141, 336
504, 830
504, 169
706, 413
706, 586
270, 663
270, 336
647, 46
647, 953
817, 413
817, 586
219, 742
219, 257
725, 921
725, 78
173, 413
173, 586
173, 544
173, 455
362, 21
362, 978
329, 233
329, 766
628, 419
628, 580
973, 147
973, 852
992, 499
458, 253
458, 746
141, 445
141, 554
771, 454
771, 545
752, 387
752, 612
784, 932
784, 67
803, 489
803, 510
784, 955
784, 44
563, 267
563, 732
615, 98
615, 901
238, 586
238, 413
784, 420
784, 579
330, 585
330, 414
817, 454
817, 545
674, 888
674, 111
830, 354
830, 645
862, 11
862, 988
596, 985
596, 14
283, 657
283, 342
569, 234
569, 765
329, 986
329, 13
303, 677
303, 322
407, 688
407, 311
297, 290
297, 709
491, 534
491, 465
946, 723
946, 276
628, 979
628, 20
458, 719
458, 280
491, 156
491, 843
596, 745
596, 254
647, 843
647, 156
381, 156
381, 843
758, 709
758, 290
914, 533
914, 466
881, 544
881, 455
569, 856
569, 143
940, 309
940, 690
270, 178
270, 821
959, 774
959, 225
141, 68
141, 931
407, 202
407, 797
114, 198
114, 801
582, 753
582, 246
17, 35
17, 964
36, 833
36, 166
660, 56
660, 943
114, 599
114, 400
758, 755
758, 244
660, 656
660, 343
582, 578
582, 421
348, 211
348, 788
270, 133
270, 866
380, 953
380, 46
141, 43
141, 956
237, 658
237, 341
440, 634
440, 365
270, 45
270, 954
141, 420
141, 579
615, 344
615, 655
49, 774
49, 225
251, 775
251, 224
426, 490
426, 509
641, 432
641, 567
63, 657
63, 342
458, 14
458, 985
706, 56
706, 943
192, 741
192, 258
186, 354
186, 645
472, 247
472, 752
991, 147
991, 852
82, 499
674, 46
674, 953
849, 887
849, 112
36, 212
36, 787
563, 46
563, 953
830, 290
830, 709
329, 832
329, 167
863, 769
863, 230
596, 655
596, 344
186, 244
186, 755
302, 631
302, 368
472, 713
472, 286
563, 221
563, 778
348, 99
348, 900
283, 545
283, 454
329, 900
329, 99
881, 412
881, 587
835, 741
835, 258
440, 830
440, 169
536, 92
536, 907
881, 965
881, 34
596, 499
283, 302
283, 697
647, 65
647, 934
725, 877
725, 122
491, 687
491, 312
361, 133
361, 866
3, 957
3, 42
862, 521
862, 478
784, 489
784, 510
108, 56
108, 943
486, 280
486, 719
693, 733
693, 266
426, 20
426, 979
725, 500
270, 66
270, 933
160, 845
160, 154
36, 677
36, 322
973, 657
973, 342
752, 212
752, 787
725, 100
725, 899
771, 810
771, 189
836, 943
836, 56
895, 225
895, 774
491, 376
491, 623
426, 421
426, 578
596, 720
596, 279
486, 253
486, 746
63, 455
63, 544
219, 478
219, 521
803, 845
803, 154
596, 387
596, 612
219, 101
219, 898
114, 911
114, 88
491, 778
491, 221
881, 923
881, 76
472, 554
472, 445
674, 244
674, 755
569, 299
569, 700
95, 735
95, 264
36, 276
36, 723
238, 454
238, 545
836, 101
836, 898
81, 147
81, 852
725, 145
725, 854
192, 101
192, 898
141, 489
141, 510
4, 466
4, 533
550, 675
550, 324
459, 565
459, 434
270, 111
270, 888
3, 930
3, 69
270, 580
270, 419
913, 956
913, 43
849, 264
849, 735
913, 69
913, 930
407, 355
407, 644
348, 167
348, 832
674, 933
674, 66
297, 244
297, 755
186, 290
186, 709
959, 735
959, 264
380, 65
380, 934
192, 56
192, 943
569, 124
569, 875
426, 712
426, 287
407, 666
407, 333
407, 823
407, 176
973, 455
973, 544
297, 465
297, 534
108, 433
108, 566
348, 300
348, 699
647, 710
647, 289
946, 943
946, 56
674, 335
674, 664
270, 89
270, 910
219, 943
219, 56
725, 12
725, 987
674, 843
674, 156
913, 663
913, 336
108, 387
108, 612
108, 631
108, 368
738, 734
738, 265
615, 168
615, 831
628, 133
628, 866
628, 379
628, 620
518, 19
518, 980
680, 567
680, 432
205, 735
205, 264
49, 264
49, 735
238, 189
238, 810
991, 657
991, 342
914, 554
914, 445
63, 412
63, 587
108, 101
108, 898
830, 400
830, 599
114, 819
114, 180
225, 354
225, 645
563, 65
563, 934
375, 33
375, 966
596, 98
596, 901
159, 774
159, 225
725, 232
725, 767
113, 691
113, 308
486, 452
486, 547
491, 953
491, 46
486, 985
486, 14
219, 878
219, 121
784, 154
784, 845
615, 210
615, 789
536, 492
536, 507
518, 403
518, 596
302, 386
302, 613
30, 466
30, 533
504, 325
504, 674
771, 697
771, 302
862, 499
992, 544
992, 455
459, 544
459, 455
186, 400
186, 599
375, 78
375, 921
868, 755
868, 244
803, 775
803, 224
596, 677
596, 322
362, 620
362, 379
459, 478
459, 521
550, 209
550, 790
141, 153
141, 846
81, 658
81, 341
569, 344
569, 655
504, 636
504, 363
36, 943
36, 56
913, 579
913, 420
30, 43
30, 956
973, 412
973, 587
647, 222
647, 777
270, 155
270, 844
706, 342
706, 657
381, 778
381, 221
95, 112
95, 887
426, 753
426, 246
192, 478
192, 521
297, 446
297, 553
660, 454
660, 545
440, 323
440, 676
192, 121
192, 878
219, 231
219, 768
452, 888
452, 111
109, 258
109, 741
563, 312
563, 687
458, 97
458, 902
30, 69
30, 930
725, 56
725, 943
647, 335
647, 664
458, 590
458, 409
63, 76
63, 923
803, 112
803, 887
907, 322
907, 677
381, 644
381, 355
752, 166
752, 833
784, 888
784, 111
270, 510
270, 489
674, 309
674, 690
836, 878
836, 121
706, 302
706, 697
329, 301
329, 698
219, 11
219, 988
219, 499
394, 943
394, 56
17, 302
17, 697
927, 302
927, 697
895, 263
895, 736
725, 586
725, 413
270, 977
270, 22
4, 445
4, 554
225, 599
225, 400
536, 980
536, 19
940, 533
940, 466
563, 445
563, 554
63, 964
63, 35
784, 224
784, 775
914, 489
914, 510
3, 847
3, 152
127, 696
127, 303
946, 102
946, 897
114, 976
114, 23
817, 696
817, 303
973, 75
973, 924
504, 208
504, 791
913, 846
913, 153
992, 587
992, 412
959, 622
959, 377
486, 408
486, 591
192, 231
192, 768
238, 697
238, 302
582, 867
582, 132
835, 769
835, 230
674, 200
674, 799
3, 336
3, 663
219, 34
219, 965
95, 377
95, 622
408, 92
408, 907
752, 742
752, 257
863, 147
863, 852
192, 988
192, 11
173, 696
173, 303
381, 732
381, 267
452, 156
452, 843
907, 787
907, 212
674, 419
674, 580
491, 934
491, 65
3, 420
3, 579
830, 134
830, 865
82, 544
82, 455
297, 663
297, 336
452, 266
452, 733
407, 378
407, 621
836, 988
836, 11
706, 454
706, 545
109, 120
109, 879
141, 225
141, 774
225, 755
225, 244
225, 709
225, 290
908, 276
908, 723
836, 521
836, 478
868, 645
868, 354
907, 166
907, 833
674, 822
674, 177
440, 209
440, 790
647, 201
647, 798
679, 631
679, 368
264, 322
264, 677
816, 811
816, 188
518, 247
518, 752
49, 377
49, 622
940, 43
940, 956
863, 658
863, 341
680, 677
680, 322
30, 445
30, 554
830, 198
830, 801
991, 924
991, 75
375, 478
375, 521
757, 691
757, 308
173, 188
173, 811
160, 112
160, 887
4, 489
4, 510
868, 709
868, 290
674, 222
674, 777
941, 69
941, 930
36, 897
36, 102
297, 309
297, 690
647, 244
647, 755
31, 336
31, 663
518, 714
518, 285
849, 622
849, 377
725, 810
725, 189
270, 223
270, 776
108, 989
108, 10
569, 567
569, 432
251, 265
251, 734
647, 822
647, 177
219, 853
219, 146
109, 230
109, 769
31, 152
31, 847
647, 310
647, 689
486, 902
486, 97
973, 963
973, 36
17, 186
17, 813
927, 187
927, 812
348, 656
348, 343
192, 499
297, 954
297, 45
127, 187
127, 812
81, 586
81, 413
830, 308
830, 691
75, 244
75, 755
959, 886
959, 113
297, 111
297, 888
537, 444
537, 555
329, 943
329, 56
719, 400
719, 599
375, 367
375, 632
563, 797
563, 202
375, 189
375, 810
414, 478
414, 521
30, 420
30, 579
316, 619
316, 380
752, 521
752, 478
472, 868
472, 131
946, 879
946, 120
596, 830
596, 169
646, 581
646, 418
49, 886
49, 113
159, 736
159, 263
536, 597
536, 402
647, 733
647, 266
946, 612
946, 387
895, 113
895, 886
941, 336
941, 663
490, 796
490, 203
329, 342
329, 657
881, 303
881, 696
219, 77
219, 922
725, 658
725, 341
946, 566
946, 433
946, 989
946, 10
641, 33
641, 966
946, 631
946, 368
297, 933
297, 66
407, 711
407, 288
148, 677
148, 322
220, 340
220, 659
550, 941
550, 58
568, 14
568, 985
940, 554
940, 445
719, 354
719, 645
453, 221
453, 778
30, 510
30, 489
504, 496
504, 503
518, 552
518, 447
302, 723
302, 276
569, 746
569, 253
414, 921
414, 78
381, 201
381, 798
187, 308
187, 691
408, 19
408, 980
186, 865
186, 134
303, 966
303, 33
394, 457
394, 542
298, 418
298, 581
945, 259
945, 740
756, 662
756, 337
81, 75
81, 924
758, 534
758, 465
641, 368
641, 631
991, 36
991, 963
205, 378
205, 621
641, 78
641, 921
453, 46
453, 953
348, 56
348, 943
114, 466
114, 533
458, 170
458, 829
414, 966
414, 33
836, 499
563, 622
563, 377
913, 773
913, 226
375, 143
375, 856
82, 35
82, 964
536, 248
536, 751
297, 800
297, 199
490, 669
490, 330
758, 199
758, 800
679, 613
679, 386
941, 152
941, 847
803, 735
803, 264
36, 879
36, 120
674, 90
674, 909
536, 285
536, 714
791, 677
791, 322
830, 180
830, 819
940, 420
940, 579
191, 659
191, 340
192, 146
192, 853
984, 244
984, 755
36, 989
36, 10
490, 492
490, 507
186, 801
186, 198
868, 865
868, 134
674, 489
674, 510
381, 334
381, 665
490, 358
490, 641
297, 178
297, 821
407, 509
407, 490
945, 769
945, 230
862, 34
862, 965
529, 810
529, 189
752, 33
752, 966
738, 379
738, 620
758, 134
758, 865
219, 413
219, 586
192, 965
192, 34
862, 454
862, 545
530, 921
530, 78
504, 58
504, 941
380, 823
380, 176
834, 659
834, 340
693, 380
693, 619
381, 311
381, 688
647, 91
647, 908
458, 496
458, 503
862, 413
862, 586
426, 867
426, 132
113, 337
113, 662
141, 263
141, 736
752, 899
752, 100
830, 88
830, 911
264, 433
264, 566
569, 719
569, 280
895, 622
895, 377
453, 687
453, 312
36, 387
36, 612
337, 599
337, 400
835, 147
835, 852
615, 56
615, 943
63, 303
63, 696
303, 78
303, 921
940, 489
940, 510
868, 599
868, 400
414, 810
414, 189
564, 175
564, 824
487, 828
487, 171
264, 368
264, 631
881, 812
881, 187
758, 179
758, 820
2, 227
2, 772
35, 259
35, 740
108, 478
108, 521
303, 478
303, 521
647, 489
647, 510
36, 433
36, 566
596, 209
596, 790
297, 155
297, 844
36, 631
36, 368
674, 866
674, 133
868, 198
868, 801
34, 229
34, 770
375, 124
375, 875
530, 33
530, 966
440, 58
440, 941
862, 923
862, 76
376, 414
376, 585
757, 553
757, 446
752, 877
752, 122
569, 389
569, 610
529, 655
529, 344
75, 134
75, 865
454, 64
454, 935
725, 454
725, 545
147, 723
147, 276
725, 697
725, 302
569, 411
569, 588
674, 21
674, 978
785, 263
785, 736
407, 246
407, 753
984, 134
984, 865
381, 289
381, 710
912, 262
912, 737
563, 331
563, 668
907, 56
907, 943
752, 500
329, 545
329, 454
186, 179
186, 820
973, 303
973, 696
141, 112
141, 887
568, 903
568, 96
752, 231
752, 768
147, 787
147, 212
75, 644
75, 355
674, 266
674, 733
297, 866
297, 133
2, 262
2, 737
114, 956
114, 43
601, 553
601, 446
114, 930
114, 69
569, 499
641, 521
641, 478
192, 77
192, 922
375, 386
375, 613
752, 921
752, 78
303, 788
303, 211
75, 290
75, 709
752, 56
752, 943
114, 445
114, 554
642, 613
642, 386
867, 691
867, 308
647, 20
647, 979
375, 765
375, 234
265, 613
265, 386
641, 322
641, 677
680, 966
680, 33
752, 12
752, 987
224, 691
224, 308
374, 677
374, 322
757, 580
757, 419
348, 453
348, 546
191, 585
191, 414
380, 907
380, 92
530, 765
530, 234
114, 420
114, 579
63, 186
63, 813
219, 545
219, 454
108, 499
297, 909
297, 90
109, 148
109, 851
413, 567
413, 432
186, 911
186, 88
991, 303
991, 696
602, 888
602, 111
830, 534
830, 465
458, 364
458, 635
758, 89
758, 910
302, 742
302, 257
564, 463
564, 536
407, 420
407, 579
752, 854
752, 145
270, 265
270, 734
81, 696
81, 303
908, 897
908, 102
147, 833
147, 166
836, 965
836, 34
868, 911
868, 88
453, 623
453, 376
251, 380
251, 619
868, 819
868, 180
297, 776
297, 223
297, 510
297, 489
530, 700
530, 299
76, 198
76, 801
641, 189
641, 810
454, 796
454, 203
973, 186
973, 813
413, 856
413, 143
518, 869
518, 130
830, 23
830, 976
264, 276
264, 723
680, 78
680, 921
113, 847
113, 152
719, 290
719, 709
908, 368
908, 631
908, 387
908, 612
186, 466
186, 533
907, 566
907, 433
160, 377
160, 622
563, 491
563, 508
835, 586
835, 413
985, 911
985, 88
991, 814
991, 185
563, 642
563, 357
192, 454
192, 545
375, 985
375, 14
758, 45
758, 954
458, 325
458, 674
641, 143
641, 856
647, 133
647, 866
791, 723
791, 276
758, 67
758, 932
380, 980
380, 19
601, 535
601, 464
75, 88
75, 911
414, 234
414, 765
114, 510
114, 489
297, 21
297, 978
303, 144
303, 855
984, 644
984, 355
530, 143
530, 856
986, 198
986, 801
381, 245
381, 754
603, 599
603, 400
985, 290
985, 709
224, 198
224, 801
680, 521
680, 478
836, 922
836, 77
303, 123
303, 876
946, 478
946, 521
615, 543
615, 456
381, 510
381, 489
563, 599
563, 400
225, 134
225, 865
602, 156
602, 843
680, 722
680, 277
908, 879
908, 120
303, 167
303, 832
830, 553
830, 446
836, 454
836, 545
536, 869
536, 130
597, 539
597, 460
803, 379
803, 620
569, 366
569, 633
303, 499
530, 390
530, 609
758, 977
758, 22
413, 124
413, 875
81, 814
81, 185
596, 58
596, 941
602, 953
602, 46
186, 976
186, 23
75, 400
75, 599
641, 124
641, 875
719, 244
719, 755
225, 465
225, 534
830, 580
830, 419
76, 819
76, 180
375, 255
375, 744
791, 787
791, 212
219, 811
219, 188
563, 577
563, 422
375, 499
451, 510
451, 489
225, 179
225, 820
791, 433
791, 566
789, 630
789, 369
532, 125
532, 874
302, 13
302, 986
407, 867
407, 132
375, 721
375, 278
147, 631
147, 368
141, 624
141, 375
186, 446
186, 553
913, 885
913, 114
908, 989
908, 10
375, 699
375, 300
868, 23
868, 976
979, 198
979, 801
758, 489
758, 510
946, 500
453, 577
453, 422
148, 566
148, 433
264, 787
264, 212
830, 68
830, 931
336, 645
336, 354
147, 612
147, 387
303, 189
303, 810
36, 478
36, 521
303, 99
303, 900
785, 381
785, 618
789, 613
789, 386
303, 232
303, 767
984, 23
984, 976
830, 43
830, 956
380, 619
380, 380
414, 299
414, 700
758, 888
758, 111
75, 976
75, 23
109, 585
109, 414
641, 765
641, 234
602, 934
602, 65
757, 845
757, 154
108, 545
108, 454
4, 622
4, 377
680, 144
680, 855
224, 446
224, 553
913, 624
913, 375
186, 931
186, 68
602, 778
602, 221
719, 534
719, 465
225, 910
225, 89
641, 277
641, 722
680, 788
680, 211
791, 166
791, 833
186, 955
186, 44
680, 743
680, 256
36, 499
530, 479
530, 520
109, 75
109, 924
868, 533
868, 466
984, 400
984, 599
680, 123
680, 876
830, 489
830, 510
297, 265
297, 734
147, 943
147, 56
108, 35
108, 964
752, 453
752, 546
641, 255
641, 744
524, 520
524, 479
265, 258
265, 741
641, 500
602, 732
602, 267
752, 810
752, 189
680, 189
680, 810
147, 898
147, 101
569, 323
569, 676
192, 811
192, 188
264, 166
264, 833
30, 377
30, 622
680, 499
186, 510
186, 489
719, 553
719, 446
336, 465
336, 534
264, 478
264, 521
380, 868
380, 131
679, 14
679, 985
414, 344
414, 655
413, 586
413, 413
907, 521
907, 478
375, 830
375, 169
413, 746
413, 253
225, 977
225, 22
225, 67
225, 932
264, 33
264, 966
946, 545
946, 454
529, 434
529, 565
225, 955
225, 44
303, 56
303, 943
868, 446
868, 553
868, 930
868, 69
680, 167
680, 832
680, 766
680, 233
338, 888
338, 111
868, 956
868, 43
375, 789
375, 210
375, 656
375, 343
146, 879
146, 120
680, 99
680, 900
641, 699
641, 300
523, 435
523, 564
452, 444
452, 555
719, 800
719, 199
907, 500
641, 211
641, 788
413, 279
413, 720
36, 454
36, 545
75, 466
75, 533
225, 510
225, 489
264, 921
264, 78
719, 954
719, 45
337, 710
337, 289
413, 633
413, 366
336, 953
336, 46
341, 46
341, 953
414, 499
147, 988
147, 11
719, 178
719, 821
641, 831
641, 168
602, 644
602, 355
264, 899
264, 100
264, 877
264, 122
719, 66
719, 933
868, 489
868, 510
718, 888
718, 111
453, 466
453, 533
264, 499
602, 311
602, 688
791, 101
791, 898
338, 156
338, 843
414, 611
414, 388
147, 478
147, 521
531, 546
531, 453
719, 133
719, 866
792, 56
792, 943
337, 66
337, 933
791, 478
791, 521
984, 533
984, 466
264, 854
264, 145
264, 12
264, 987
830, 113
830, 886
225, 111
225, 888
602, 333
602, 666
186, 887
186, 112
75, 554
75, 445
791, 121
791, 878
264, 56
264, 943
719, 910
719, 89
719, 844
719, 155
337, 755
337, 244
147, 499
680, 56
680, 943
792, 988
792, 11
719, 489
719, 510
907, 545
907, 454
75, 510
75, 489
985, 554
985, 445
791, 500
338, 777
338, 222
413, 323
413, 676
719, 978
719, 21
337, 200
337, 799
337, 177
337, 822
602, 711
602, 288
791, 34
791, 965
984, 489
984, 510
264, 189
264, 810
602, 490
602, 509
791, 77
791, 922
337, 510
337, 489
340, 733
340, 266
147, 454
147, 545
337, 133
337, 866
