17, 566
472, 111
927, 566
849, 111
17, 943
394, 566
927, 943
472, 488
205, 111
660, 566
394, 943
849, 488
17, 33
472, 378
472, 755
17, 189
17, 833
17, 300
660, 943
927, 33
849, 378
849, 755
95, 111
927, 189
927, 833
927, 300
205, 488
394, 33
472, 644
394, 189
582, 111
394, 833
394, 300
283, 566
205, 378
660, 33
849, 644
205, 755
550, 566
660, 189
660, 833
660, 300
95, 488
738, 111
127, 566
283, 943
550, 943
95, 378
582, 488
205, 644
95, 755
127, 943
771, 566
582, 378
582, 755
283, 33
738, 488
550, 33
283, 189
95, 644
283, 833
771, 943
283, 300
17, 456
472, 865
550, 189
550, 833
17, 677
550, 300
127, 33
738, 378
316, 111
738, 755
849, 865
927, 456
127, 189
127, 833
582, 644
927, 677
127, 300
394, 456
17, 410
394, 677
771, 33
472, 911
472, 222
738, 644
771, 189
205, 865
771, 833
771, 300
927, 410
660, 456
316, 488
849, 911
660, 677
849, 222
394, 410
959, 111
316, 378
316, 755
95, 865
660, 410
205, 911
205, 222
472, 267
582, 865
316, 644
283, 456
959, 488
849, 267
550, 456
283, 677
504, 566
361, 111
550, 677
95, 911
95, 222
173, 566
127, 456
738, 865
959, 378
959, 755
127, 677
504, 943
582, 911
17, 722
582, 222
205, 267
283, 410
173, 943
550, 410
927, 722
771, 456
361, 488
49, 111
816, 566
771, 677
127, 410
959, 644
738, 911
738, 222
628, 111
394, 722
504, 33
361, 378
95, 267
361, 755
504, 833
504, 189
817, 943
173, 33
504, 300
316, 865
660, 722
771, 410
173, 189
173, 833
173, 300
582, 267
49, 488
17, 79
361, 644
628, 488
927, 79
49, 378
817, 33
49, 755
738, 267
316, 911
817, 833
816, 189
316, 222
628, 378
816, 300
394, 79
628, 755
693, 111
472, 598
959, 865
283, 722
660, 79
550, 722
49, 644
849, 598
472, 534
127, 722
628, 644
849, 534
17, 787
959, 911
693, 488
316, 267
205, 598
17, 143
504, 456
959, 222
361, 865
927, 787
771, 722
504, 677
173, 456
927, 143
238, 566
693, 378
205, 534
693, 755
173, 677
283, 79
550, 79
394, 787
17, 989
394, 143
95, 598
127, 79
504, 410
238, 943
927, 989
362, 911
660, 787
817, 456
49, 865
361, 222
582, 598
660, 143
173, 410
95, 534
693, 644
959, 267
394, 989
816, 677
472, 332
628, 865
582, 534
771, 79
849, 332
660, 989
238, 33
49, 911
738, 598
881, 566
817, 410
238, 189
238, 833
238, 300
49, 222
628, 911
738, 534
283, 787
440, 566
361, 267
881, 943
550, 787
205, 332
628, 222
550, 143
283, 143
127, 787
127, 143
440, 943
693, 865
283, 989
550, 989
17, 345
95, 332
881, 33
316, 598
49, 267
426, 111
504, 722
127, 989
881, 833
771, 787
881, 189
927, 345
881, 300
582, 332
771, 143
173, 722
628, 267
316, 534
440, 33
895, 111
440, 833
394, 345
693, 911
440, 189
440, 300
693, 222
771, 989
251, 111
426, 488
738, 332
660, 345
959, 598
817, 722
238, 456
504, 79
895, 488
426, 378
238, 677
426, 755
959, 534
472, 800
173, 79
895, 378
472, 975
895, 755
251, 488
849, 800
238, 410
693, 267
362, 598
849, 975
817, 79
426, 644
251, 378
251, 755
283, 345
316, 332
550, 345
881, 456
362, 534
205, 800
895, 644
706, 566
127, 345
205, 975
881, 677
440, 456
49, 598
504, 143
251, 644
504, 787
706, 943
472, 157
17, 520
440, 677
95, 800
881, 410
173, 787
173, 143
771, 345
628, 598
49, 534
849, 157
95, 975
927, 520
959, 332
504, 989
582, 800
440, 410
582, 975
628, 534
706, 33
394, 520
817, 143
426, 865
173, 989
817, 787
706, 833
205, 157
706, 189
706, 300
660, 520
895, 865
238, 722
738, 800
362, 332
817, 989
738, 975
426, 911
615, 566
17, 612
251, 865
95, 157
472, 65
895, 911
426, 222
927, 612
693, 598
849, 65
582, 157
615, 943
895, 222
49, 332
394, 612
693, 534
550, 520
251, 911
283, 520
238, 79
316, 800
881, 722
127, 520
660, 612
205, 65
628, 332
251, 222
316, 975
472, 709
738, 157
615, 33
426, 267
440, 722
615, 833
615, 189
63, 566
849, 709
615, 300
504, 345
160, 111
706, 456
895, 267
95, 65
771, 520
173, 345
63, 943
706, 677
881, 79
959, 975
582, 65
959, 800
205, 709
251, 267
550, 612
440, 79
283, 612
706, 410
316, 157
160, 488
127, 612
817, 345
238, 787
238, 143
693, 332
63, 33
63, 833
17, 254
95, 709
160, 378
738, 65
362, 975
63, 189
160, 755
63, 300
518, 111
927, 254
362, 800
582, 709
238, 989
803, 111
771, 612
959, 157
394, 254
881, 143
160, 644
615, 456
881, 787
49, 975
440, 143
660, 254
738, 709
518, 488
615, 677
426, 598
49, 800
316, 65
803, 488
895, 598
440, 787
518, 378
504, 520
881, 989
628, 975
362, 157
628, 800
518, 755
803, 378
426, 534
615, 410
803, 755
440, 989
895, 534
173, 520
706, 722
973, 566
959, 65
63, 456
251, 598
817, 520
348, 566
518, 644
472, 423
283, 254
550, 254
316, 709
49, 157
803, 644
973, 943
160, 865
127, 254
251, 534
63, 677
849, 423
348, 943
628, 157
238, 345
362, 65
706, 79
63, 410
504, 612
693, 800
693, 975
973, 33
160, 911
205, 423
771, 254
959, 709
973, 833
173, 612
160, 222
348, 33
973, 189
973, 300
17, 897
426, 332
329, 566
348, 833
348, 189
348, 300
895, 332
518, 865
817, 612
49, 65
927, 897
615, 722
95, 423
803, 865
329, 943
17, 878
881, 345
394, 897
362, 709
582, 423
927, 878
628, 65
518, 911
693, 157
251, 332
440, 345
660, 897
160, 267
706, 143
803, 911
706, 787
394, 878
518, 221
329, 33
329, 833
738, 423
329, 189
615, 79
803, 221
660, 878
329, 300
49, 709
706, 989
63, 722
973, 456
784, 111
472, 442
628, 709
348, 456
238, 520
550, 897
849, 442
17, 235
283, 897
504, 254
992, 566
127, 897
518, 267
973, 677
63, 79
693, 65
927, 235
803, 267
348, 677
173, 254
316, 423
973, 410
784, 488
283, 878
992, 943
550, 878
205, 442
426, 975
895, 975
394, 235
881, 520
348, 410
127, 878
784, 378
440, 520
817, 254
615, 143
615, 787
784, 755
771, 897
660, 235
426, 800
95, 442
329, 456
895, 800
992, 33
693, 709
238, 612
959, 423
582, 442
992, 833
160, 598
771, 878
615, 989
992, 189
992, 300
63, 143
784, 644
329, 677
251, 975
251, 800
160, 534
537, 111
706, 345
63, 787
426, 157
472, 690
329, 410
895, 157
518, 598
550, 235
881, 612
283, 235
738, 442
63, 989
127, 235
849, 690
362, 423
440, 612
803, 598
973, 722
518, 534
537, 488
205, 690
348, 722
251, 157
803, 534
537, 378
784, 865
504, 897
141, 111
771, 235
49, 423
537, 755
426, 65
895, 65
973, 79
17, 631
316, 442
992, 456
95, 690
628, 423
173, 897
927, 631
160, 332
348, 79
784, 911
817, 897
582, 690
992, 677
537, 644
615, 345
82, 566
141, 488
504, 878
394, 631
238, 254
959, 442
784, 222
141, 378
329, 722
173, 878
992, 410
706, 520
251, 65
82, 943
660, 631
141, 755
738, 690
973, 143
518, 332
426, 709
362, 442
817, 878
895, 709
803, 332
881, 254
63, 345
693, 423
141, 644
82, 33
973, 787
348, 143
329, 79
784, 267
596, 566
82, 833
440, 254
82, 189
82, 300
973, 989
504, 235
537, 865
348, 787
472, 176
550, 631
596, 943
283, 631
251, 709
49, 442
127, 631
316, 690
849, 176
725, 566
173, 235
348, 989
706, 612
472, 46
537, 911
817, 235
849, 46
725, 943
596, 33
628, 442
596, 833
537, 222
205, 176
141, 865
615, 520
992, 722
959, 690
771, 631
596, 189
329, 143
596, 300
160, 975
205, 46
160, 800
329, 787
63, 520
141, 911
725, 33
725, 833
95, 176
518, 975
725, 189
725, 300
329, 989
141, 221
362, 690
238, 897
582, 176
82, 456
95, 46
537, 267
784, 598
992, 79
803, 975
82, 677
582, 46
17, 501
270, 111
881, 897
518, 800
615, 612
440, 897
693, 442
784, 534
238, 878
160, 157
927, 501
738, 176
82, 410
49, 690
803, 800
973, 345
596, 456
738, 46
394, 501
63, 612
348, 345
426, 423
141, 267
518, 157
706, 254
270, 488
628, 690
895, 423
596, 676
660, 501
504, 631
270, 378
803, 157
725, 456
881, 878
992, 143
472, 819
270, 755
992, 787
596, 410
173, 631
316, 176
440, 878
160, 65
849, 819
251, 423
407, 111
238, 235
725, 676
817, 631
316, 46
992, 989
518, 65
270, 644
784, 332
329, 345
725, 410
973, 520
537, 598
205, 819
550, 501
472, 956
283, 501
959, 176
803, 65
127, 501
881, 235
407, 488
82, 722
849, 956
693, 690
141, 598
440, 235
537, 534
348, 520
959, 46
95, 819
407, 378
160, 709
615, 254
895, 442
582, 819
407, 755
426, 442
362, 176
205, 956
771, 501
141, 534
17, 364
270, 865
82, 79
518, 709
362, 46
63, 254
407, 644
596, 722
927, 364
973, 612
95, 956
706, 897
738, 819
270, 911
803, 709
49, 176
862, 566
582, 956
394, 364
596, 79
251, 442
914, 111
329, 520
270, 221
348, 612
660, 364
725, 722
472, 313
992, 345
862, 943
537, 332
49, 46
628, 176
849, 313
784, 975
738, 956
706, 878
628, 46
725, 79
82, 143
914, 488
316, 819
862, 33
407, 865
82, 787
238, 631
141, 332
205, 313
862, 833
784, 800
914, 378
596, 143
862, 189
862, 300
914, 755
550, 364
127, 364
270, 267
895, 690
426, 690
959, 819
504, 501
82, 989
283, 364
407, 911
329, 612
95, 313
173, 501
596, 787
881, 631
615, 897
316, 956
582, 313
63, 897
693, 176
407, 221
914, 644
706, 235
440, 631
784, 157
596, 989
362, 819
725, 143
817, 501
459, 566
693, 46
771, 364
17, 768
251, 690
160, 423
973, 254
992, 520
725, 787
927, 768
615, 878
959, 956
459, 943
738, 313
725, 989
49, 819
407, 267
862, 456
348, 254
394, 768
537, 975
141, 975
784, 65
270, 598
660, 768
518, 423
537, 800
459, 33
914, 865
459, 833
63, 878
362, 956
862, 677
219, 566
628, 819
459, 189
803, 423
459, 300
270, 534
862, 410
316, 313
219, 943
82, 345
914, 911
992, 612
615, 235
472, 553
504, 364
141, 800
63, 235
49, 956
537, 157
550, 768
914, 222
4, 111
329, 254
959, 313
849, 553
127, 768
283, 768
219, 33
219, 833
784, 709
141, 157
817, 364
173, 364
973, 897
628, 956
596, 345
219, 189
518, 442
219, 300
426, 176
895, 176
205, 553
160, 442
407, 598
362, 313
4, 488
693, 819
706, 631
238, 501
914, 267
771, 768
348, 897
895, 47
459, 456
4, 378
803, 442
426, 46
536, 65
407, 534
141, 65
725, 345
95, 553
4, 755
270, 332
674, 111
582, 553
459, 677
251, 176
862, 722
49, 313
81, 520
596, 520
881, 501
459, 410
4, 644
693, 956
440, 502
219, 456
17, 98
973, 879
251, 46
674, 488
17, 124
628, 313
927, 98
862, 79
738, 553
674, 378
647, 111
992, 254
927, 124
219, 676
674, 755
348, 878
537, 709
394, 98
329, 897
725, 520
394, 124
973, 235
660, 98
219, 410
504, 768
160, 690
615, 631
407, 332
141, 709
660, 124
518, 690
647, 488
913, 598
895, 819
674, 644
82, 612
647, 378
4, 865
426, 819
316, 553
348, 235
596, 612
63, 631
173, 768
270, 975
817, 768
862, 143
647, 755
803, 690
914, 534
693, 313
4, 911
329, 878
862, 787
238, 364
550, 98
784, 423
959, 553
459, 722
283, 98
127, 98
30, 111
440, 364
647, 644
550, 124
881, 364
283, 124
862, 989
4, 221
127, 124
725, 612
674, 865
270, 800
472, 579
251, 819
991, 897
362, 553
192, 566
674, 911
849, 579
459, 79
895, 957
30, 488
270, 157
329, 235
771, 98
674, 221
426, 956
30, 378
219, 722
192, 943
771, 124
4, 267
30, 755
205, 579
706, 501
407, 975
219, 79
647, 865
914, 332
49, 553
192, 33
17, 741
192, 833
647, 911
270, 65
95, 579
784, 442
82, 254
30, 644
458, 143
251, 956
927, 741
192, 189
192, 300
991, 879
407, 800
628, 553
647, 221
582, 579
536, 424
596, 254
973, 631
895, 313
219, 143
160, 176
394, 741
459, 787
426, 313
674, 267
485, 566
141, 424
660, 741
518, 176
407, 157
518, 47
459, 989
160, 46
348, 631
485, 943
862, 345
738, 579
504, 98
238, 768
803, 176
219, 787
725, 254
991, 235
219, 989
3, 598
63, 502
30, 865
504, 124
615, 501
440, 768
881, 768
173, 98
913, 975
647, 267
485, 33
251, 313
192, 456
817, 98
803, 47
485, 833
127, 741
550, 741
270, 709
173, 124
693, 553
674, 598
30, 911
536, 442
407, 65
485, 189
706, 364
485, 300
4, 534
283, 741
81, 897
817, 125
141, 442
192, 676
316, 579
30, 221
596, 897
472, 286
329, 631
784, 690
674, 534
192, 410
849, 286
914, 800
862, 520
771, 741
959, 579
940, 111
836, 566
518, 819
205, 286
647, 598
913, 157
159, 819
81, 879
17, 391
30, 267
725, 897
836, 943
459, 345
407, 709
485, 456
927, 391
362, 579
95, 286
63, 364
940, 488
582, 286
596, 879
647, 534
803, 819
4, 332
913, 65
940, 378
614, 364
394, 391
973, 502
485, 676
836, 33
940, 755
836, 833
660, 391
862, 612
836, 189
219, 345
836, 300
485, 410
504, 741
49, 579
518, 957
895, 553
674, 332
159, 957
426, 553
536, 690
81, 235
458, 520
141, 690
192, 722
940, 644
596, 235
738, 286
817, 741
992, 631
628, 579
348, 502
725, 879
173, 741
706, 768
30, 598
192, 79
238, 98
219, 520
472, 930
550, 391
127, 391
381, 111
238, 124
803, 957
270, 424
283, 391
849, 930
3, 975
440, 125
881, 98
440, 98
251, 553
30, 534
647, 332
316, 286
725, 235
881, 125
472, 846
784, 176
205, 930
959, 286
940, 865
914, 709
836, 456
381, 488
192, 143
674, 975
849, 846
518, 313
771, 391
381, 378
973, 364
458, 612
940, 911
693, 579
160, 313
381, 755
362, 286
485, 722
784, 47
836, 676
95, 930
205, 846
940, 221
329, 502
582, 930
270, 442
4, 800
836, 410
192, 787
297, 111
803, 313
219, 612
63, 768
192, 989
485, 79
862, 254
381, 644
348, 364
615, 768
95, 846
3, 157
407, 423
582, 846
49, 286
647, 975
297, 488
536, 47
30, 332
17, 475
738, 930
674, 801
297, 378
991, 502
3, 65
674, 157
927, 475
141, 47
504, 391
297, 755
940, 267
485, 143
628, 286
394, 475
81, 631
536, 176
738, 846
596, 631
141, 176
674, 65
440, 741
817, 391
660, 475
381, 865
913, 424
173, 391
784, 819
238, 741
881, 741
895, 580
297, 644
316, 930
485, 787
407, 442
647, 800
329, 364
485, 989
381, 911
836, 722
647, 157
706, 98
426, 580
862, 897
959, 930
725, 631
381, 221
270, 690
316, 846
752, 566
458, 254
706, 124
550, 475
836, 79
127, 475
940, 598
30, 975
973, 768
283, 475
959, 846
752, 943
297, 865
647, 65
362, 930
219, 254
192, 345
536, 819
693, 286
297, 911
472, 202
3, 709
472, 20
913, 442
297, 221
991, 364
784, 957
141, 819
362, 846
940, 534
849, 202
251, 579
752, 833
752, 33
518, 553
835, 143
160, 553
348, 768
381, 267
849, 20
771, 475
674, 709
569, 566
63, 125
458, 897
30, 800
614, 125
752, 189
49, 930
81, 502
752, 300
205, 202
192, 520
862, 879
205, 20
536, 957
803, 553
569, 943
30, 157
63, 98
49, 846
615, 98
836, 787
407, 690
596, 502
628, 930
219, 897
835, 989
95, 202
141, 957
95, 20
862, 235
569, 33
569, 833
895, 286
582, 202
582, 20
784, 313
485, 345
458, 879
647, 709
628, 846
297, 267
569, 189
752, 456
380, 598
569, 300
426, 286
30, 65
329, 768
238, 391
440, 391
940, 332
706, 741
752, 676
881, 391
3, 424
504, 475
17, 657
108, 566
738, 202
192, 612
738, 20
219, 879
927, 657
725, 502
297, 598
270, 47
108, 943
381, 534
817, 475
173, 475
752, 410
693, 930
913, 690
485, 520
270, 176
394, 657
114, 111
973, 125
674, 424
81, 364
536, 313
569, 456
251, 286
660, 657
458, 235
108, 33
108, 833
693, 846
141, 313
316, 202
297, 534
63, 741
316, 20
569, 676
991, 768
614, 741
108, 189
596, 364
108, 300
30, 709
114, 488
159, 580
973, 98
219, 235
518, 580
114, 378
835, 346
3, 442
959, 20
940, 975
959, 202
569, 410
348, 125
114, 755
472, 663
550, 657
127, 657
283, 657
348, 98
485, 612
849, 663
362, 20
381, 332
835, 520
362, 202
674, 442
407, 176
647, 424
563, 111
114, 644
270, 819
803, 580
205, 663
407, 47
862, 631
725, 364
752, 79
752, 722
108, 456
940, 800
895, 930
771, 657
426, 930
895, 846
913, 47
192, 254
17, 14
49, 20
95, 663
940, 157
582, 663
297, 332
563, 488
108, 676
49, 202
784, 553
927, 14
426, 846
563, 378
706, 391
752, 143
380, 975
114, 865
563, 755
108, 410
394, 14
973, 741
329, 98
628, 20
329, 125
628, 202
270, 957
660, 14
114, 911
238, 475
569, 722
940, 65
647, 442
114, 221
569, 79
251, 930
991, 125
440, 475
739, 663
835, 612
881, 475
563, 644
913, 176
81, 768
17, 208
3, 690
297, 975
752, 989
251, 846
752, 787
159, 286
518, 286
458, 631
927, 208
192, 897
407, 819
380, 801
348, 741
596, 768
758, 111
504, 657
30, 424
127, 14
550, 14
63, 391
569, 143
485, 254
394, 208
536, 553
219, 631
283, 14
674, 690
614, 391
660, 208
141, 553
316, 663
380, 157
173, 657
693, 202
959, 663
817, 658
693, 20
913, 819
758, 488
563, 865
803, 286
991, 98
380, 65
114, 267
758, 378
362, 663
472, 469
270, 313
297, 801
108, 722
563, 911
940, 709
569, 989
771, 14
569, 787
192, 879
758, 755
725, 768
849, 469
563, 221
127, 208
408, 957
108, 79
297, 157
863, 502
550, 208
30, 442
913, 957
458, 502
205, 469
283, 208
758, 644
329, 741
297, 65
647, 690
3, 47
114, 598
49, 663
485, 897
95, 469
81, 125
895, 203
582, 469
108, 143
192, 235
752, 346
771, 208
835, 254
991, 741
303, 566
784, 580
504, 14
17, 852
114, 534
219, 502
563, 267
895, 20
628, 663
536, 580
973, 391
426, 203
927, 852
303, 943
426, 20
706, 475
674, 47
817, 14
596, 125
758, 865
407, 313
752, 520
108, 787
108, 989
835, 897
394, 852
173, 14
3, 175
739, 469
758, 911
141, 580
380, 709
660, 852
17, 924
485, 879
303, 33
303, 833
862, 364
348, 391
518, 846
518, 930
927, 924
81, 97
758, 221
504, 208
159, 846
440, 658
303, 189
303, 300
159, 930
563, 598
817, 208
238, 657
30, 690
835, 879
674, 176
251, 20
569, 346
394, 924
913, 313
596, 98
297, 709
251, 202
458, 364
881, 658
940, 424
660, 924
316, 469
3, 819
803, 930
173, 208
550, 852
127, 852
693, 663
959, 469
485, 235
803, 846
725, 125
114, 332
563, 534
63, 475
569, 520
283, 852
375, 566
647, 47
752, 612
362, 469
614, 475
380, 424
758, 267
375, 943
3, 957
270, 553
219, 364
127, 924
550, 924
472, 397
303, 456
725, 98
674, 819
81, 741
329, 391
647, 176
771, 852
784, 286
375, 833
283, 924
375, 33
849, 397
895, 663
940, 442
303, 676
49, 469
192, 631
375, 189
946, 566
835, 235
536, 286
375, 300
114, 975
205, 397
108, 345
596, 741
303, 410
426, 663
297, 424
674, 957
946, 943
771, 924
757, 598
440, 14
991, 391
569, 612
563, 332
141, 286
95, 397
628, 469
31, 47
582, 397
881, 14
380, 442
238, 14
946, 833
946, 33
108, 520
862, 768
375, 456
159, 203
407, 553
647, 819
504, 852
758, 534
946, 189
946, 300
375, 676
440, 208
973, 475
518, 203
830, 111
17, 280
114, 801
817, 852
725, 741
30, 176
927, 280
251, 663
114, 157
173, 852
881, 208
913, 552
738, 397
504, 924
706, 657
458, 768
237, 208
3, 313
752, 254
830, 488
297, 442
485, 631
394, 280
375, 410
817, 924
830, 378
348, 475
647, 957
114, 65
563, 975
660, 280
518, 20
270, 580
614, 658
303, 722
940, 690
693, 469
946, 456
173, 924
159, 20
830, 755
192, 502
803, 203
63, 658
491, 111
108, 612
303, 79
219, 768
316, 397
946, 676
674, 313
752, 897
959, 397
803, 20
758, 332
784, 930
830, 644
835, 630
491, 488
550, 280
784, 846
127, 280
946, 410
491, 378
31, 819
569, 254
81, 391
283, 280
362, 397
863, 125
302, 143
563, 800
380, 690
491, 755
31, 957
408, 580
752, 879
563, 157
329, 475
536, 929
895, 469
596, 391
458, 125
375, 79
472, 735
830, 865
536, 846
757, 975
486, 502
830, 911
913, 580
830, 221
771, 280
426, 469
706, 14
375, 722
186, 111
849, 735
491, 644
49, 397
647, 313
303, 787
563, 65
863, 97
114, 709
303, 989
141, 846
375, 143
941, 47
569, 897
991, 474
159, 663
141, 930
297, 690
205, 735
973, 658
518, 663
835, 502
192, 364
186, 488
757, 801
440, 852
3, 552
628, 397
186, 378
458, 97
238, 852
219, 125
881, 852
706, 208
725, 391
95, 735
270, 286
36, 566
491, 865
380, 47
186, 755
440, 924
63, 14
582, 735
108, 254
946, 79
614, 14
752, 235
491, 911
946, 722
941, 175
251, 469
36, 943
375, 989
491, 221
569, 879
881, 924
803, 663
238, 924
375, 787
757, 157
504, 280
614, 208
186, 644
757, 65
63, 208
348, 658
830, 267
36, 833
36, 33
946, 143
17, 586
817, 280
738, 735
173, 280
563, 709
830, 598
927, 586
674, 552
380, 175
36, 189
219, 97
302, 346
36, 300
30, 313
114, 424
693, 397
785, 203
536, 203
297, 47
863, 741
108, 897
394, 586
486, 364
641, 566
186, 865
660, 586
946, 989
569, 235
408, 286
81, 474
458, 741
641, 943
946, 787
941, 819
186, 911
830, 534
491, 267
316, 735
302, 520
913, 286
186, 221
941, 957
3, 580
835, 364
784, 20
141, 203
36, 456
991, 658
109, 879
330, 658
959, 735
472, 92
641, 833
641, 33
973, 14
375, 346
36, 676
127, 585
380, 819
536, 19
491, 598
849, 92
550, 585
641, 189
297, 175
641, 300
362, 735
192, 768
114, 442
219, 741
283, 586
596, 474
380, 957
895, 397
973, 208
205, 92
647, 553
36, 410
706, 852
375, 520
426, 397
564, 424
491, 534
472, 131
757, 709
674, 580
752, 630
348, 14
159, 469
680, 566
95, 92
582, 92
518, 469
31, 552
186, 267
141, 19
771, 586
49, 735
849, 131
270, 846
706, 924
680, 943
270, 930
297, 819
108, 235
641, 456
830, 332
302, 612
205, 131
348, 208
440, 281
757, 424
641, 676
946, 346
725, 475
628, 735
680, 33
680, 833
238, 280
408, 929
297, 957
803, 469
739, 92
251, 397
186, 598
63, 852
881, 280
680, 189
95, 131
614, 852
680, 300
830, 975
614, 924
63, 924
504, 585
81, 658
582, 131
641, 410
817, 585
946, 520
17, 547
752, 502
536, 663
486, 769
785, 663
927, 547
375, 612
563, 442
36, 79
913, 929
569, 631
329, 14
186, 534
940, 313
863, 392
36, 722
491, 332
3, 286
192, 125
647, 580
114, 690
394, 547
173, 585
959, 92
316, 92
660, 547
738, 131
835, 768
991, 14
830, 801
408, 847
141, 663
36, 143
458, 391
596, 658
362, 92
693, 735
991, 208
225, 111
680, 456
380, 313
330, 208
913, 846
757, 442
31, 580
486, 125
680, 676
109, 630
191, 97
491, 975
127, 547
830, 157
472, 774
225, 488
550, 547
674, 286
830, 65
316, 131
302, 253
946, 612
225, 378
219, 391
36, 989
959, 130
49, 92
849, 774
680, 410
486, 97
270, 203
283, 547
641, 79
641, 722
36, 787
973, 852
362, 130
225, 755
941, 552
569, 502
973, 924
205, 774
186, 332
302, 897
835, 125
297, 313
895, 736
491, 801
725, 658
408, 203
752, 364
771, 547
225, 644
302, 879
628, 92
114, 47
641, 143
563, 690
95, 774
863, 474
582, 774
440, 585
348, 852
706, 280
426, 735
452, 111
49, 130
159, 396
491, 157
835, 97
518, 397
375, 254
614, 281
270, 20
348, 924
913, 203
109, 502
237, 585
380, 552
408, 19
3, 929
491, 65
881, 585
186, 975
81, 14
192, 741
63, 281
647, 286
81, 208
375, 897
641, 989
458, 474
452, 488
225, 865
641, 787
504, 547
739, 774
452, 378
113, 175
680, 722
628, 130
817, 547
803, 397
225, 911
564, 47
757, 690
680, 79
784, 469
17, 319
452, 755
36, 346
596, 14
913, 19
251, 735
225, 221
375, 879
927, 319
536, 469
330, 851
830, 709
692, 92
596, 208
173, 547
3, 846
569, 364
946, 254
991, 851
564, 175
394, 319
452, 644
486, 741
31, 286
186, 801
316, 774
941, 580
36, 520
959, 774
660, 319
141, 469
680, 143
674, 929
302, 235
186, 157
329, 924
868, 111
114, 819
297, 552
692, 130
757, 47
362, 774
991, 924
219, 474
895, 92
270, 663
830, 424
946, 897
186, 65
907, 566
835, 741
725, 14
868, 488
674, 846
225, 267
973, 281
127, 319
868, 378
550, 319
114, 957
680, 989
680, 787
907, 943
491, 709
452, 865
380, 580
426, 92
472, 358
757, 175
863, 658
283, 319
725, 208
868, 755
752, 768
646, 929
49, 774
109, 364
849, 358
452, 911
895, 130
946, 879
641, 346
375, 235
453, 221
3, 203
907, 33
907, 833
159, 736
408, 663
205, 358
191, 392
225, 598
36, 612
907, 189
31, 929
868, 644
564, 957
907, 300
771, 319
646, 847
458, 658
564, 819
641, 520
706, 585
426, 130
628, 774
302, 630
913, 663
518, 736
81, 851
614, 585
440, 547
348, 281
95, 358
582, 358
3, 19
830, 442
251, 92
63, 585
225, 534
491, 424
881, 547
237, 547
568, 769
486, 392
297, 580
785, 396
414, 566
868, 865
31, 847
17, 963
868, 911
452, 267
186, 709
868, 221
752, 125
757, 819
927, 963
330, 281
81, 924
674, 203
414, 943
679, 346
757, 957
946, 235
504, 319
536, 396
907, 456
113, 314
991, 281
738, 358
817, 319
394, 963
219, 658
803, 736
596, 851
17, 813
941, 286
251, 130
453, 598
907, 676
660, 963
414, 33
413, 833
927, 813
693, 774
641, 612
596, 924
109, 769
173, 319
302, 502
752, 97
414, 189
375, 630
414, 300
679, 520
907, 410
674, 19
394, 813
491, 442
316, 358
660, 813
835, 392
264, 566
225, 332
863, 15
564, 314
959, 358
380, 286
141, 396
187, 424
453, 534
191, 474
550, 963
127, 963
269, 470
264, 943
973, 585
724, 851
646, 203
36, 254
868, 267
283, 963
646, 19
568, 125
568, 97
362, 358
895, 774
413, 456
868, 598
159, 92
264, 833
408, 470
264, 33
127, 813
31, 203
941, 929
830, 690
863, 208
550, 813
413, 676
113, 552
518, 92
486, 474
36, 897
472, 508
3, 663
725, 924
426, 774
283, 813
264, 189
31, 19
771, 963
159, 130
264, 300
109, 125
849, 508
375, 502
81, 281
945, 630
458, 15
224, 975
49, 358
458, 208
109, 97
868, 534
348, 585
518, 130
941, 847
413, 410
297, 286
205, 508
680, 612
706, 547
36, 879
907, 722
757, 314
752, 741
771, 813
907, 79
564, 552
224, 801
913, 470
803, 92
785, 736
628, 358
186, 442
614, 547
830, 47
264, 456
440, 319
95, 508
452, 332
642, 253
380, 929
63, 547
582, 508
251, 774
302, 364
536, 736
835, 474
674, 663
908, 143
264, 676
596, 281
719, 111
881, 319
491, 690
453, 975
220, 15
504, 963
17, 169
237, 319
330, 585
219, 208
803, 130
991, 585
225, 157
927, 169
568, 740
830, 175
224, 65
264, 410
817, 963
719, 488
863, 851
641, 897
504, 813
719, 378
738, 508
173, 963
394, 169
17, 53
380, 847
453, 801
646, 662
413, 79
642, 879
817, 813
946, 502
141, 736
757, 552
660, 169
269, 396
908, 989
927, 53
868, 332
719, 755
36, 235
907, 787
679, 253
693, 358
191, 658
413, 722
173, 813
413, 143
408, 396
113, 580
394, 53
375, 364
863, 925
602, 111
660, 53
941, 203
719, 644
316, 508
298, 847
298, 929
724, 281
868, 975
458, 851
753, 392
491, 47
486, 658
941, 19
453, 65
453, 157
959, 508
973, 547
550, 169
679, 897
187, 691
490, 175
127, 169
602, 488
283, 169
109, 740
830, 819
679, 879
31, 662
602, 378
3, 470
564, 580
362, 508
830, 957
413, 989
913, 396
264, 79
127, 53
550, 53
602, 755
568, 392
472, 624
719, 865
895, 358
908, 346
224, 708
868, 801
302, 769
264, 722
719, 911
413, 787
283, 53
719, 221
159, 774
81, 585
849, 624
187, 47
458, 925
771, 169
518, 774
380, 203
426, 358
75, 111
264, 143
191, 15
835, 658
35, 630
675, 470
602, 644
641, 235
187, 175
348, 547
49, 508
785, 93
205, 624
706, 319
380, 19
868, 157
945, 363
771, 53
440, 962
908, 520
113, 285
224, 424
646, 470
219, 851
868, 65
75, 488
536, 92
785, 130
757, 580
237, 962
376, 769
220, 925
95, 624
75, 378
596, 585
803, 774
191, 207
536, 130
628, 508
582, 624
148, 566
109, 392
264, 989
75, 755
881, 963
602, 865
298, 204
614, 319
440, 813
17, 697
302, 125
251, 358
63, 319
491, 819
264, 787
642, 630
602, 911
486, 15
413, 346
148, 943
863, 281
927, 697
453, 708
490, 957
602, 221
881, 813
141, 92
831, 314
504, 169
719, 267
302, 97
238, 813
330, 548
75, 644
817, 170
31, 470
991, 547
394, 697
945, 769
738, 624
753, 474
679, 235
298, 19
147, 833
141, 130
147, 33
504, 53
719, 598
660, 697
269, 736
173, 169
941, 662
413, 520
408, 736
148, 189
453, 424
148, 300
817, 53
3, 396
564, 285
458, 281
35, 502
486, 207
724, 584
187, 957
693, 508
568, 474
173, 53
530, 566
908, 612
490, 314
224, 442
113, 929
379, 662
75, 865
113, 847
719, 534
316, 624
187, 819
530, 943
679, 630
550, 697
376, 126
756, 285
75, 911
834, 207
127, 697
602, 267
283, 697
834, 15
913, 736
959, 624
75, 221
868, 709
376, 97
264, 346
147, 456
298, 662
530, 33
530, 833
472, 242
642, 502
301, 740
159, 359
973, 319
191, 851
147, 676
220, 282
110, 473
362, 624
849, 242
530, 189
602, 598
785, 773
530, 300
191, 925
675, 396
565, 928
753, 659
895, 507
771, 697
831, 552
791, 566
264, 520
413, 612
646, 396
205, 242
453, 442
945, 97
868, 424
614, 962
187, 314
518, 359
147, 410
791, 943
81, 547
984, 111
35, 363
564, 847
376, 740
706, 963
536, 773
426, 508
269, 93
945, 125
602, 534
49, 624
486, 851
440, 170
348, 319
63, 962
75, 267
95, 242
908, 253
941, 470
17, 435
719, 332
706, 813
582, 242
490, 552
791, 33
756, 928
791, 833
530, 456
237, 170
679, 502
927, 435
984, 488
31, 396
486, 925
628, 624
791, 189
330, 318
881, 170
614, 814
834, 850
791, 300
530, 676
112, 18
596, 547
408, 93
984, 378
224, 691
394, 435
269, 129
984, 755
908, 897
863, 584
803, 358
568, 659
337, 111
660, 435
112, 204
719, 975
75, 598
440, 53
504, 697
724, 548
251, 508
110, 659
738, 242
831, 581
565, 204
756, 847
908, 879
2, 737
530, 410
35, 769
565, 18
63, 813
991, 318
817, 696
754, 206
881, 53
238, 53
264, 612
379, 471
754, 16
472, 887
141, 773
945, 740
224, 47
868, 442
984, 644
301, 392
173, 697
299, 471
849, 887
147, 79
834, 926
337, 488
642, 363
187, 552
75, 534
675, 737
457, 584
147, 722
224, 175
377, 393
602, 332
791, 456
408, 129
220, 584
337, 378
550, 435
719, 801
316, 242
337, 755
127, 435
283, 435
693, 624
205, 887
942, 395
973, 962
913, 93
413, 253
791, 676
147, 143
191, 282
454, 691
832, 284
959, 242
337, 644
678, 363
487, 282
489, 581
413, 897
719, 157
984, 865
95, 887
791, 410
912, 129
771, 435
719, 65
602, 975
642, 769
582, 886
646, 737
159, 507
362, 242
413, 879
785, 359
984, 911
188, 581
973, 814
34, 96
147, 989
530, 722
453, 47
530, 79
32, 737
985, 221
81, 318
895, 625
147, 787
34, 126
738, 887
867, 691
75, 332
348, 962
265, 253
518, 507
908, 235
269, 773
536, 359
223, 818
49, 242
453, 175
614, 170
337, 865
224, 957
643, 126
706, 170
863, 548
602, 801
530, 143
426, 625
330, 962
643, 96
2, 94
440, 696
63, 170
408, 773
991, 962
2, 129
628, 242
337, 911
984, 267
602, 157
706, 53
678, 769
348, 813
330, 814
237, 696
316, 887
675, 93
504, 435
614, 52
264, 897
881, 696
791, 722
676, 128
337, 222
602, 65
75, 975
724, 318
791, 79
530, 989
265, 879
596, 318
454, 818
530, 787
803, 507
412, 236
908, 630
141, 359
173, 435
867, 175
991, 814
457, 549
817, 435
63, 52
912, 772
251, 624
959, 886
720, 708
867, 47
220, 548
76, 801
223, 314
147, 346
985, 598
337, 267
791, 143
454, 958
693, 242
362, 886
147, 520
973, 170
75, 157
412, 630
985, 534
362, 890
720, 424
791, 787
454, 314
791, 989
265, 236
867, 818
76, 65
81, 962
49, 886
601, 708
908, 502
973, 52
628, 886
336, 598
864, 317
81, 814
159, 625
866, 958
531, 346
785, 507
895, 241
597, 961
348, 170
269, 360
518, 625
909, 363
265, 630
336, 534
601, 424
536, 507
724, 961
147, 612
706, 696
530, 520
426, 241
614, 696
238, 435
985, 332
719, 442
440, 436
597, 815
330, 171
409, 360
63, 696
693, 886
76, 708
341, 598
411, 503
348, 52
881, 436
991, 170
330, 52
790, 346
142, 506
803, 625
724, 815
251, 242
991, 52
985, 975
266, 503
76, 424
337, 332
720, 691
530, 612
790, 520
146, 253
601, 442
986, 801
973, 696
895, 885
985, 157
721, 48
336, 975
426, 885
81, 170
720, 175
146, 879
985, 65
597, 171
147, 897
895, 890
81, 52
785, 626
791, 612
76, 442
426, 890
159, 241
724, 171
601, 691
597, 51
531, 253
706, 435
348, 696
518, 241
251, 886
335, 801
330, 695
536, 625
600, 48
614, 436
336, 157
251, 890
341, 975
63, 436
142, 626
531, 897
77, 691
531, 879
601, 175
991, 695
336, 65
803, 241
146, 236
986, 708
790, 253
341, 157
146, 630
986, 424
790, 897
532, 236
341, 65
790, 879
973, 436
159, 884
336, 709
785, 240
518, 885
159, 891
348, 436
518, 891
789, 236
335, 424
330, 437
803, 885
986, 442
63, 430
991, 437
803, 891
342, 424
335, 442
973, 430
785, 884
785, 892
979, 424
342, 442
348, 430
330, 429
991, 429
797, 897
797, 879
