472, 111
566, 982
80, 718
739, 112
550, 300
48, 375
158, 640
739, 223
974, 413
268, 795
864, 681
864, 792
676, 871
817, 34
48, 265
190, 983
488, 794
896, 491
456, 606
268, 640
347, 453
378, 905
786, 603
456, 716
676, 981
472, 377
158, 530
315, 376
315, 110
817, 302
268, 905
300, 983
237, 188
378, 794
566, 715
974, 681
754, 792
236, 453
2, 906
566, 871
676, 714
676, 603
661, 34
315, 266
488, 904
190, 718
818, 413
159, 375
895, 113
942, 870
205, 110
661, 301
598, 793
550, 33
456, 982
629, 491
896, 602
127, 187
48, 109
707, 413
346, 717
79, 984
378, 639
974, 302
566, 604
237, 298
598, 682
80, 828
550, 411
2, 640
895, 224
786, 870
2, 796
393, 299
817, 191
817, 145
80, 453
974, 524
707, 301
786, 491
394, 188
928, 35
974, 570
629, 379
394, 33
346, 607
519, 491
472, 221
628, 112
456, 872
550, 190
346, 562
80, 608
661, 190
190, 828
159, 265
488, 528
786, 981
48, 530
597, 524
975, 791
739, 2
269, 530
754, 903
472, 267
786, 714
80, 562
708, 524
112, 906
127, 77
127, 32
864, 948
190, 873
942, 981
676, 760
975, 948
424, 530
928, 302
237, 343
896, 380
425, 485
754, 681
754, 949
488, 638
393, 453
126, 297
283, 188
488, 683
236, 562
126, 453
237, 32
315, 220
708, 570
300, 717
582, 112
708, 681
283, 32
832, 981
896, 334
628, 222
864, 570
426, 377
158, 795
300, 873
48, 640
583, 222
159, 110
864, 902
456, 561
300, 827
644, 793
942, 759
2, 530
504, 33
973, 35
786, 760
739, 334
598, 571
16, 187
504, 300
158, 485
739, 380
832, 870
394, 78
504, 189
928, 145
126, 343
785, 380
818, 524
488, 950
897, 870
268, 685
314, 530
975, 902
456, 826
157, 906
942, 602
895, 2
205, 265
598, 636
661, 144
112, 796
644, 903
675, 491
864, 524
346, 983
237, 78
928, 191
236, 608
708, 792
566, 761
379, 530
550, 144
204, 375
598, 904
378, 950
942, 713
2, 750
410, 982
378, 684
393, 344
928, 413
849, 113
16, 77
48, 485
676, 825
190, 608
863, 413
566, 826
48, 219
80, 874
81, 187
583, 379
644, 949
896, 713
551, 458
629, 333
283, 78
785, 223
550, 79
426, 111
630, 603
818, 570
740, 491
706, 34
48, 155
158, 750
346, 827
236, 717
361, 110
785, 334
268, 750
771, 34
378, 749
661, 412
16, 31
896, 759
849, 2
269, 375
81, 297
739, 269
410, 872
205, 220
112, 640
190, 562
598, 949
897, 981
2, 375
504, 410
973, 145
394, 143
34, 984
269, 485
504, 456
974, 191
707, 190
850, 223
818, 681
222, 905
159, 220
346, 873
268, 951
393, 408
283, 298
520, 605
80, 343
426, 221
48, 420
47, 796
974, 459
47, 906
644, 682
863, 302
314, 485
817, 80
191, 453
410, 716
707, 459
426, 267
864, 635
348, 298
534, 793
895, 67
158, 686
583, 268
974, 635
628, 268
315, 421
534, 904
315, 156
864, 838
817, 256
896, 445
2, 686
661, 80
456, 762
112, 750
79, 938
942, 491
708, 635
190, 938
722, 981
629, 445
739, 66
16, 297
158, 421
348, 188
975, 837
2, 485
205, 155
786, 649
80, 672
504, 79
126, 562
818, 459
754, 838
708, 903
707, 145
488, 748
237, 407
237, 142
583, 333
472, 332
785, 112
94, 109
786, 824
159, 155
520, 982
596, 412
361, 266
222, 795
676, 649
974, 256
81, 77
424, 639
347, 408
410, 827
520, 715
550, 346
896, 648
235, 983
753, 570
34, 828
942, 824
112, 951
47, 750
928, 256
832, 759
127, 142
534, 683
895, 269
504, 143
439, 189
785, 445
819, 792
347, 344
472, 157
488, 573
439, 33
3, 265
708, 949
190, 672
597, 458
126, 608
518, 378
693, 112
439, 299
300, 937
753, 524
361, 221
471, 486
34, 718
126, 407
771, 145
552, 525
190, 763
236, 827
520, 872
424, 794
661, 255
832, 713
472, 65
80, 407
850, 334
283, 142
157, 951
754, 635
849, 67
16, 343
942, 648
740, 603
722, 871
347, 498
534, 950
315, 330
125, 718
314, 639
301, 607
94, 265
81, 31
269, 421
628, 66
785, 269
771, 191
235, 873
928, 524
928, 80
301, 562
204, 530
236, 498
80, 498
361, 376
48, 686
348, 32
424, 684
269, 266
425, 422
910, 948
566, 936
112, 530
864, 459
850, 380
16, 453
346, 762
582, 66
34, 874
283, 343
518, 111
112, 686
3, 109
707, 255
818, 635
785, 2
126, 233
2, 420
80, 763
237, 233
598, 747
222, 951
740, 445
598, 839
534, 637
300, 763
863, 191
897, 824
411, 607
772, 302
504, 345
707, 80
566, 650
550, 254
282, 453
346, 671
630, 714
456, 937
332, 905
832, 824
693, 2
426, 331
596, 301
348, 78
960, 113
379, 485
204, 485
488, 839
236, 672
928, 570
458, 454
832, 602
520, 826
863, 145
378, 840
410, 762
739, 158
424, 904
693, 223
204, 421
270, 110
675, 380
472, 423
361, 156
973, 81
520, 559
644, 839
2, 860
518, 222
144, 983
929, 681
910, 792
346, 937
771, 80
928, 459
34, 938
910, 902
94, 155
191, 343
863, 34
94, 375
172, 32
565, 491
708, 838
707, 347
643, 636
520, 761
676, 936
850, 269
457, 498
850, 491
48, 329
158, 595
864, 746
223, 640
315, 65
753, 413
410, 937
439, 78
205, 64
941, 380
631, 871
16, 141
661, 347
456, 670
126, 498
864, 727
269, 220
941, 224
819, 903
439, 143
960, 2
974, 367
125, 828
582, 157
172, 187
222, 750
332, 795
426, 156
393, 234
94, 219
942, 916
191, 297
754, 746
896, 537
628, 158
615, 34
675, 445
786, 557
662, 524
159, 330
268, 594
3, 219
819, 948
112, 860
596, 190
300, 672
895, 178
817, 348
268, 860
378, 859
612, 982
565, 558
941, 335
113, 375
960, 224
2, 595
896, 556
739, 177
49, 45
172, 77
974, 727
974, 348
863, 256
722, 760
81, 233
16, 233
313, 795
786, 537
518, 267
236, 763
81, 142
643, 570
268, 841
631, 982
785, 67
158, 860
722, 714
348, 143
158, 576
314, 685
3, 155
675, 557
393, 253
661, 459
504, 254
630, 557
47, 951
786, 916
818, 367
644, 747
48, 595
205, 45
772, 413
49, 64
676, 917
910, 681
612, 871
113, 485
630, 760
942, 445
615, 190
895, 159
48, 310
191, 407
831, 491
204, 640
424, 950
786, 935
426, 65
974, 746
34, 608
584, 491
191, 498
379, 575
15, 562
708, 746
941, 113
518, 332
125, 984
301, 453
566, 917
392, 562
191, 188
929, 792
533, 572
268, 575
456, 651
361, 65
722, 825
534, 748
313, 905
596, 33
424, 575
283, 233
534, 839
204, 330
411, 561
960, 67
16, 407
159, 64
754, 727
707, 366
643, 524
144, 828
332, 951
832, 916
251, 110
693, 66
942, 935
424, 748
882, 35
125, 873
439, 345
222, 685
819, 838
753, 459
566, 669
15, 608
15, 718
126, 672
144, 873
832, 649
928, 348
674, 223
741, 714
34, 562
630, 649
237, 252
235, 938
928, 367
674, 334
392, 498
615, 144
988, 980
596, 144
159, 311
315, 46
550, 235
615, 301
315, 311
897, 916
630, 825
48, 576
2, 576
832, 935
159, 45
850, 445
378, 594
282, 407
488, 858
47, 860
380, 376
721, 603
269, 330
675, 538
172, 297
158, 841
630, 538
533, 525
583, 444
772, 256
439, 409
910, 838
537, 111
443, 794
472, 46
2, 841
674, 112
80, 782
988, 870
410, 671
314, 749
223, 530
929, 635
112, 841
144, 718
113, 265
598, 728
80, 517
392, 607
693, 269
269, 156
504, 235
442, 904
851, 602
520, 936
661, 366
190, 782
942, 556
800, 949
361, 330
708, 727
628, 177
863, 80
34, 672
236, 517
850, 178
347, 517
849, 159
615, 79
942, 537
439, 454
863, 348
35, 453
753, 302
144, 938
863, 367
254, 983
741, 760
348, 234
676, 668
222, 860
740, 649
785, 158
456, 918
518, 443
333, 639
126, 252
537, 222
611, 715
550, 365
897, 935
520, 651
662, 570
2, 329
472, 176
800, 903
113, 421
205, 311
882, 145
741, 870
629, 426
693, 334
458, 409
332, 749
172, 142
314, 575
929, 948
941, 270
518, 157
785, 177
34, 764
596, 79
800, 792
346, 653
694, 380
501, 982
552, 572
172, 343
94, 45
472, 441
661, 236
314, 594
612, 825
582, 176
929, 902
596, 347
112, 595
741, 981
94, 64
501, 605
458, 299
93, 530
518, 65
960, 334
674, 269
818, 746
333, 685
191, 32
125, 938
598, 858
740, 557
283, 252
864, 994
644, 728
15, 828
282, 562
424, 593
488, 729
975, 994
786, 668
488, 592
329, 32
818, 727
361, 46
94, 421
127, 123
722, 935
882, 191
222, 841
740, 537
191, 78
565, 538
941, 2
203, 795
361, 421
16, 498
442, 950
125, 763
501, 716
424, 840
501, 872
612, 761
537, 378
457, 516
817, 99
94, 485
817, 237
974, 478
754, 857
909, 570
518, 424
582, 47
80, 653
693, 158
941, 67
300, 918
896, 426
301, 498
974, 616
190, 919
126, 517
66, 906
313, 951
250, 266
190, 653
596, 255
458, 189
739, 47
250, 220
348, 253
443, 684
831, 380
960, 270
553, 793
960, 381
754, 994
520, 670
2, 310
410, 918
425, 440
47, 841
426, 46
537, 268
112, 576
882, 302
472, 313
329, 188
722, 916
380, 421
439, 253
553, 683
628, 47
443, 638
237, 123
942, 805
707, 478
988, 759
315, 175
300, 782
707, 236
864, 857
929, 837
236, 653
864, 616
203, 685
329, 78
928, 100
644, 858
721, 649
534, 858
785, 426
552, 637
190, 517
909, 524
237, 388
172, 453
81, 252
772, 459
191, 142
346, 918
910, 635
896, 289
203, 905
818, 478
611, 603
93, 640
191, 233
203, 750
113, 109
126, 388
439, 234
772, 524
15, 672
804, 2
458, 33
346, 781
172, 233
961, 491
269, 311
501, 826
254, 873
831, 445
360, 485
15, 984
378, 730
799, 681
16, 123
251, 156
80, 388
786, 805
426, 312
804, 113
94, 329
80, 919
391, 717
282, 498
410, 652
300, 653
113, 219
896, 667
739, 288
520, 539
223, 485
851, 713
676, 806
741, 825
752, 191
882, 80
973, 100
583, 425
15, 874
3, 45
553, 904
831, 334
458, 345
740, 426
62, 31
35, 343
16, 252
456, 781
315, 440
928, 237
394, 124
62, 77
145, 608
800, 838
772, 348
988, 713
895, 48
708, 616
254, 827
615, 255
236, 782
35, 297
663, 682
644, 995
112, 970
960, 178
380, 266
974, 237
661, 99
520, 917
470, 529
752, 34
612, 936
2, 705
864, 478
693, 177
332, 859
537, 332
283, 123
942, 667
896, 805
270, 64
250, 375
616, 412
504, 364
426, 175
708, 857
282, 608
204, 594
268, 970
48, 439
975, 856
424, 859
631, 936
332, 840
158, 439
909, 413
597, 478
551, 477
205, 174
752, 145
62, 187
851, 759
442, 748
94, 311
534, 729
832, 556
598, 995
407, 111
878, 981
3, 64
34, 782
501, 761
66, 796
204, 576
268, 704
81, 123
674, 66
361, 312
113, 155
910, 727
48, 174
960, 159
849, 48
488, 995
378, 969
804, 223
851, 870
144, 763
393, 389
630, 668
550, 98
158, 704
818, 616
360, 530
988, 824
910, 746
255, 717
145, 562
566, 780
929, 727
34, 498
690, 949
347, 389
689, 903
941, 178
458, 79
721, 491
35, 187
302, 298
378, 996
785, 288
458, 143
598, 617
268, 731
301, 407
361, 175
596, 366
501, 559
251, 64
157, 970
410, 781
882, 256
851, 648
159, 174
832, 805
831, 537
772, 367
537, 66
662, 636
754, 616
172, 407
537, 157
144, 672
328, 298
772, 570
988, 602
380, 221
35, 407
392, 517
675, 426
553, 950
961, 602
380, 110
269, 440
393, 363
707, 99
566, 806
831, 223
689, 792
254, 937
365, 983
929, 746
694, 491
642, 412
391, 983
223, 594
910, 994
223, 375
598, 590
329, 142
726, 34
48, 200
753, 348
771, 99
878, 870
630, 917
928, 478
391, 872
753, 255
302, 343
850, 556
850, 537
113, 329
882, 413
629, 287
15, 938
66, 952
518, 176
488, 969
941, 159
550, 125
960, 445
333, 530
612, 917
442, 840
663, 793
158, 466
281, 717
391, 827
708, 995
16, 388
674, 158
15, 764
988, 916
643, 459
615, 347
158, 731
804, 67
48, 466
314, 841
314, 859
222, 970
269, 46
676, 779
301, 517
629, 314
2, 439
850, 288
125, 782
48, 705
518, 47
203, 951
16, 517
236, 919
407, 221
771, 237
753, 366
851, 981
863, 237
112, 705
126, 653
694, 445
611, 650
191, 252
596, 236
34, 919
394, 97
832, 667
378, 703
47, 970
785, 48
583, 314
302, 188
268, 996
992, 35
223, 576
564, 379
504, 98
909, 459
693, 47
251, 46
66, 750
380, 331
93, 796
223, 421
502, 936
534, 995
504, 125
909, 302
752, 80
2, 731
205, 201
564, 444
145, 453
456, 542
93, 686
237, 362
159, 201
191, 388
942, 426
583, 287
424, 730
661, 125
830, 113
456, 807
204, 439
67, 640
93, 750
485, 33
552, 747
315, 466
113, 311
315, 201
753, 478
283, 389
739, 315
407, 267
850, 426
391, 762
485, 189
773, 681
392, 671
988, 648
863, 99
269, 466
851, 824
172, 252
662, 478
365, 872
171, 562
799, 570
799, 635
62, 297
2, 466
975, 883
348, 124
35, 77
895, 21
987, 491
425, 467
831, 269
80, 627
140, 110
663, 903
472, 286
819, 857
708, 589
928, 616
739, 21
864, 883
485, 299
786, 779
190, 892
674, 177
553, 839
112, 731
819, 994
365, 827
80, 893
741, 935
520, 780
817, 126
974, 589
988, 934
740, 668
173, 123
974, 505
615, 236
112, 997
598, 968
689, 682
144, 782
34, 654
817, 210
502, 651
534, 591
896, 400
380, 156
365, 717
93, 906
347, 363
864, 589
62, 141
255, 763
741, 916
644, 968
94, 174
754, 968
328, 344
722, 806
411, 498
896, 315
458, 253
442, 858
518, 313
177, 905
800, 746
34, 517
579, 793
282, 517
804, 334
726, 145
644, 617
440, 124
721, 557
237, 97
412, 453
849, 21
910, 856
66, 860
283, 97
663, 949
250, 330
726, 191
707, 505
35, 31
597, 505
126, 362
941, 289
961, 713
786, 694
754, 884
127, 96
585, 604
144, 919
250, 421
974, 210
804, 269
407, 156
203, 860
48, 731
269, 174
501, 670
579, 904
877, 759
928, 210
785, 315
722, 668
960, 48
35, 233
158, 997
689, 838
379, 440
896, 694
488, 702
171, 608
942, 694
818, 505
61, 343
458, 235
281, 827
93, 595
255, 608
773, 635
488, 619
66, 686
127, 13
329, 234
485, 79
333, 594
799, 524
725, 80
490, 487
222, 997
534, 969
407, 65
302, 32
406, 376
190, 627
864, 505
222, 704
818, 589
300, 892
472, 202
767, 981
830, 2
800, 727
992, 145
707, 126
942, 778
172, 498
204, 466
224, 265
520, 807
864, 967
537, 176
346, 543
961, 759
346, 808
15, 782
647, 112
721, 538
80, 362
302, 78
203, 841
504, 391
485, 143
391, 937
222, 731
94, 576
125, 919
332, 969
642, 301
281, 672
961, 648
676, 695
877, 713
883, 524
475, 982
300, 808
878, 824
800, 994
928, 126
579, 949
785, 399
563, 222
281, 873
773, 792
62, 233
536, 47
16, 12
443, 574
804, 380
3, 174
410, 808
440, 97
281, 983
754, 589
896, 778
439, 363
236, 627
629, 399
346, 626
113, 64
424, 996
550, 392
365, 937
333, 575
739, 399
94, 201
726, 301
630, 806
113, 45
255, 672
191, 123
616, 458
444, 529
2, 201
112, 439
882, 348
177, 795
35, 141
882, 459
615, 366
392, 652
502, 918
582, 20
190, 809
424, 969
485, 410
612, 668
315, 285
176, 951
67, 530
283, 362
15, 654
960, 288
236, 543
237, 13
472, 20
975, 967
721, 445
80, 543
628, 20
61, 453
537, 443
475, 872
563, 111
140, 155
140, 265
332, 996
882, 99
145, 498
564, 333
720, 380
993, 191
584, 557
661, 209
314, 731
475, 716
34, 893
218, 32
804, 159
250, 311
504, 475
615, 98
929, 994
380, 65
693, 288
961, 870
80, 809
551, 505
255, 562
361, 440
302, 142
832, 778
663, 839
644, 884
993, 302
485, 455
830, 67
534, 618
909, 191
564, 268
16, 96
771, 126
804, 177
334, 485
663, 747
250, 485
878, 916
708, 968
910, 616
456, 891
126, 278
424, 703
426, 286
883, 570
882, 367
283, 13
314, 704
348, 97
485, 345
361, 202
961, 537
426, 202
974, 126
596, 98
411, 516
992, 81
707, 210
171, 718
961, 556
767, 870
909, 256
237, 279
630, 779
469, 638
281, 763
987, 381
579, 682
346, 892
800, 857
850, 315
584, 538
94, 439
47, 997
598, 884
611, 557
249, 530
909, 145
140, 219
224, 220
695, 603
471, 467
708, 884
785, 21
439, 390
328, 453
643, 590
359, 639
831, 426
928, 505
394, 13
380, 312
224, 110
329, 252
929, 856
488, 885
877, 602
112, 466
365, 762
537, 425
956, 948
988, 805
66, 841
126, 627
851, 916
552, 729
469, 794
475, 826
598, 701
675, 287
960, 21
518, 286
332, 730
145, 343
772, 478
407, 331
302, 234
987, 445
379, 466
674, 47
648, 223
740, 806
550, 209
251, 174
878, 935
269, 201
2, 815
410, 891
254, 919
753, 237
218, 78
145, 407
442, 730
941, 48
236, 892
438, 498
914, 2
81, 96
16, 362
689, 746
914, 113
722, 779
566, 891
689, 635
553, 858
832, 694
566, 696
909, 367
300, 626
443, 593
191, 362
564, 425
863, 210
144, 654
908, 35
81, 278
190, 543
475, 606
328, 408
16, 278
612, 806
753, 505
987, 334
172, 389
910, 883
850, 667
519, 512
469, 684
831, 177
93, 952
407, 46
218, 188
610, 491
315, 19
469, 904
158, 549
909, 348
988, 556
694, 426
552, 591
882, 237
177, 750
662, 728
81, 13
456, 625
442, 996
569, 33
582, 203
942, 399
48, 284
378, 620
771, 210
35, 388
831, 159
726, 255
145, 297
314, 969
851, 935
126, 544
647, 66
928, 589
596, 125
585, 715
956, 902
850, 399
579, 839
960, 427
236, 809
675, 315
287, 905
66, 970
693, 21
534, 702
93, 860
204, 704
61, 407
223, 329
962, 980
378, 885
720, 334
550, 14
993, 256
615, 125
140, 64
798, 413
159, 284
458, 363
642, 190
676, 890
139, 375
140, 45
643, 478
988, 538
818, 884
301, 389
883, 681
628, 203
67, 485
48, 549
205, 19
612, 779
805, 491
773, 903
469, 574
993, 413
62, 123
268, 814
365, 607
205, 284
380, 46
329, 124
987, 224
707, 393
361, 285
254, 781
739, 204
442, 969
863, 126
642, 347
475, 762
177, 640
268, 549
281, 937
961, 824
332, 703
171, 672
693, 315
662, 505
662, 617
112, 815
538, 491
158, 815
34, 627
534, 885
99, 984
283, 279
94, 466
2, 549
173, 96
485, 254
803, 48
502, 541
504, 14
910, 967
302, 252
579, 636
393, 279
35, 251
942, 961
569, 190
536, 314
773, 949
502, 780
675, 399
579, 747
424, 620
144, 892
955, 791
583, 398
48, 90
268, 621
690, 995
877, 648
799, 459
914, 67
173, 13
282, 653
426, 19
942, 316
504, 208
172, 517
224, 156
361, 19
469, 950
145, 517
392, 543
690, 857
125, 892
708, 701
268, 886
909, 478
773, 838
915, 224
644, 701
974, 772
689, 570
767, 760
864, 700
61, 562
690, 728
158, 621
204, 731
113, 174
67, 375
895, 132
641, 34
365, 671
896, 511
412, 408
360, 575
146, 187
661, 393
15, 919
988, 667
391, 918
313, 996
804, 445
301, 543
642, 144
864, 772
831, 288
611, 538
661, 14
48, 356
818, 967
616, 524
296, 110
66, 594
378, 814
485, 235
694, 538
896, 583
47, 815
458, 390
176, 860
380, 175
754, 700
49, 18
585, 871
287, 795
394, 208
62, 251
786, 583
786, 511
974, 321
648, 269
171, 828
34, 809
569, 144
818, 393
359, 685
552, 618
767, 824
720, 223
974, 394
177, 686
218, 142
407, 175
570, 300
392, 781
974, 700
475, 936
676, 962
569, 79
564, 65
630, 695
773, 746
786, 962
287, 951
585, 982
456, 697
469, 748
726, 412
941, 21
657, 981
629, 511
739, 132
851, 805
93, 841
752, 99
909, 81
564, 158
223, 439
205, 91
817, 15
883, 635
585, 761
15, 627
223, 311
440, 14
518, 20
518, 203
817, 321
786, 890
836, 34
694, 556
662, 589
520, 891
458, 125
642, 255
647, 158
269, 284
113, 201
895, 204
740, 778
767, 714
348, 13
410, 625
159, 19
256, 453
314, 549
642, 366
347, 279
251, 201
740, 695
597, 393
877, 491
491, 378
722, 695
491, 111
986, 113
203, 970
552, 996
364, 918
987, 270
585, 650
832, 962
411, 543
35, 123
955, 681
956, 838
773, 727
379, 549
334, 376
536, 286
929, 883
159, 356
361, 467
2, 621
502, 807
648, 333
67, 421
359, 795
315, 91
406, 422
61, 608
159, 90
754, 773
249, 640
928, 321
657, 871
643, 505
16, 544
675, 511
585, 825
191, 96
849, 132
475, 560
171, 873
176, 841
897, 961
800, 884
458, 97
800, 967
67, 576
720, 269
48, 621
334, 421
126, 809
218, 297
960, 316
942, 889
785, 204
255, 653
222, 814
99, 828
112, 549
407, 312
663, 857
566, 962
360, 593
942, 583
170, 983
424, 548
61, 498
884, 792
315, 356
642, 80
768, 935
695, 714
2, 284
688, 524
237, 207
191, 279
799, 616
798, 302
491, 221
520, 696
223, 466
488, 813
172, 362
707, 321
29, 109
158, 886
472, 396
707, 15
928, 394
347, 472
676, 584
99, 874
366, 562
910, 589
648, 380
961, 916
80, 737
329, 97
413, 299
832, 889
772, 616
818, 700
112, 886
992, 99
864, 394
768, 917
94, 704
442, 702
927, 15
95, 18
550, 281
171, 763
491, 267
849, 204
596, 209
314, 621
720, 112
960, 399
66, 997
804, 288
34, 544
2, 356
475, 670
882, 126
144, 809
740, 511
424, 886
99, 938
771, 15
282, 781
882, 210
726, 348
469, 840
359, 749
301, 362
15, 892
236, 472
695, 649
725, 98
878, 805
94, 284
140, 329
68, 265
580, 857
504, 280
66, 704
94, 90
283, 207
942, 511
60, 718
204, 549
359, 905
222, 886
146, 77
961, 667
112, 621
896, 889
139, 421
565, 511
993, 524
772, 505
80, 472
708, 773
831, 399
205, 356
552, 968
364, 781
615, 209
993, 459
472, 92
628, 131
566, 623
440, 208
647, 176
915, 334
785, 132
190, 737
564, 176
722, 890
661, 320
836, 145
805, 602
191, 13
578, 571
518, 397
803, 21
346, 698
863, 321
725, 237
224, 64
173, 279
393, 472
413, 344
721, 426
99, 718
456, 963
296, 220
127, 207
146, 32
693, 204
287, 749
882, 477
582, 131
255, 498
722, 962
250, 439
520, 624
146, 233
217, 343
437, 561
845, 948
140, 311
176, 970
674, 20
178, 530
929, 967
254, 892
850, 695
536, 20
34, 361
475, 651
282, 544
910, 505
296, 266
580, 729
470, 592
144, 626
915, 270
598, 774
988, 778
296, 156
993, 367
993, 348
518, 470
630, 890
695, 760
818, 773
569, 254
218, 233
475, 918
440, 280
332, 886
413, 189
502, 513
831, 48
347, 207
961, 934
987, 67
126, 472
693, 399
203, 997
374, 32
766, 603
973, 15
644, 773
491, 332
993, 570
663, 995
361, 91
630, 584
472, 130
269, 356
62, 389
302, 124
988, 694
753, 126
3, 90
837, 191
457, 472
139, 485
365, 653
612, 890
397, 904
753, 209
647, 47
410, 697
690, 968
831, 315
877, 556
657, 825
139, 530
726, 366
845, 902
269, 19
536, 203
914, 177
914, 159
62, 13
960, 132
580, 996
485, 364
987, 3
146, 142
171, 937
956, 994
66, 732
612, 696
172, 654
909, 237
145, 389
598, 812
915, 381
988, 427
94, 732
47, 887
564, 47
531, 457
392, 625
281, 919
961, 805
836, 80
740, 583
438, 516
550, 320
884, 902
488, 547
850, 778
251, 19
190, 698
300, 698
720, 2
955, 570
617, 571
209, 983
29, 155
584, 668
93, 970
696, 871
328, 389
566, 584
127, 168
392, 808
657, 760
224, 46
486, 125
570, 411
767, 649
614, 15
426, 396
657, 714
374, 188
397, 794
424, 813
772, 589
491, 157
877, 445
29, 265
884, 948
250, 576
615, 477
552, 701
469, 858
845, 792
61, 672
878, 667
426, 92
877, 538
329, 14
328, 498
297, 64
726, 459
254, 809
80, 698
488, 774
410, 963
374, 78
380, 202
883, 838
442, 886
287, 859
282, 626
676, 623
359, 951
661, 281
832, 583
332, 814
564, 314
508, 526
287, 685
758, 2
222, 621
300, 964
910, 773
491, 65
249, 685
249, 594
585, 936
486, 97
987, 178
582, 92
62, 96
140, 174
288, 640
753, 394
2, 18
642, 236
693, 131
16, 206
397, 950
190, 472
502, 890
413, 33
300, 736
876, 380
546, 982
327, 562
798, 191
992, 238
955, 635
569, 347
534, 813
444, 485
596, 15
335, 266
380, 285
94, 356
520, 963
190, 964
837, 302
15, 809
68, 219
287, 841
80, 206
909, 99
346, 736
80, 433
675, 204
204, 621
60, 828
883, 727
771, 394
994, 681
491, 423
804, 427
68, 109
236, 737
426, 357
237, 168
236, 698
786, 622
850, 510
329, 362
314, 814
707, 282
237, 433
472, 358
442, 620
696, 981
406, 485
315, 395
16, 168
644, 812
29, 219
222, 549
956, 745
956, 727
989, 962
113, 284
629, 471
817, 54
771, 321
720, 66
248, 795
176, 997
928, 700
61, 517
314, 886
251, 284
269, 91
799, 478
739, 93
346, 964
533, 506
690, 885
941, 132
832, 510
928, 773
177, 594
927, 54
759, 112
799, 366
817, 282
255, 517
799, 348
754, 812
628, 92
126, 433
256, 407
34, 279
315, 130
974, 661
910, 700
34, 737
437, 606
217, 453
67, 329
725, 126
171, 782
145, 251
657, 935
297, 46
987, 159
955, 524
883, 745
552, 885
21, 906
219, 124
804, 538
569, 236
974, 433
942, 850
94, 549
896, 472
863, 15
413, 143
876, 334
407, 202
800, 588
413, 79
960, 205
470, 730
491, 442
610, 444
727, 524
695, 825
942, 205
107, 31
798, 145
361, 357
772, 856
630, 963
178, 485
474, 780
798, 256
689, 617
378, 775
580, 968
347, 434
864, 661
30, 45
864, 811
534, 774
452, 111
79, 964
547, 872
223, 174
845, 838
896, 622
974, 54
218, 252
144, 544
250, 466
630, 623
805, 556
916, 491
81, 168
68, 155
564, 286
896, 243
612, 963
249, 749
426, 130
803, 316
332, 621
883, 616
107, 77
458, 14
251, 91
720, 158
140, 201
99, 764
374, 143
126, 737
786, 472
988, 288
16, 471
546, 715
585, 917
708, 812
392, 891
615, 393
504, 319
456, 736
113, 356
334, 330
374, 298
914, 48
797, 34
850, 584
657, 917
786, 851
30, 63
138, 640
204, 814
112, 925
335, 220
333, 439
256, 343
283, 168
818, 433
662, 967
295, 375
740, 889
177, 576
707, 432
48, 395
60, 874
768, 806
578, 524
28, 375
359, 841
878, 778
364, 808
2, 660
960, 695
502, 697
583, 510
209, 873
364, 891
217, 407
248, 905
394, 169
720, 177
205, 129
805, 649
739, 243
158, 395
831, 20
67, 311
158, 660
301, 96
956, 856
844, 681
759, 223
393, 434
335, 110
268, 925
100, 608
60, 984
974, 282
806, 713
837, 256
676, 851
881, 16
773, 995
993, 634
688, 459
518, 130
407, 285
99, 672
531, 411
107, 187
408, 19
895, 93
974, 811
915, 445
661, 54
172, 544
758, 66
486, 392
361, 130
283, 471
609, 379
34, 95
158, 925
173, 206
896, 851
257, 298
62, 361
536, 397
458, 208
518, 92
66, 814
954, 413
508, 794
359, 859
994, 791
928, 282
662, 885
209, 827
942, 622
62, 279
596, 320
268, 659
254, 626
452, 221
268, 775
176, 704
35, 13
508, 904
410, 736
397, 748
547, 825
61, 764
753, 320
662, 700
694, 667
333, 467
407, 440
286, 969
882, 505
520, 585
992, 210
191, 206
269, 395
48, 129
223, 202
687, 412
502, 624
675, 472
596, 281
301, 472
436, 716
378, 925
172, 626
832, 851
656, 603
442, 813
508, 683
740, 472
398, 684
176, 732
740, 963
864, 432
849, 93
681, 34
190, 434
329, 280
398, 639
474, 808
48, 660
725, 209
126, 699
722, 584
489, 510
876, 223
209, 937
326, 607
546, 761
16, 434
508, 637
159, 129
301, 280
992, 127
100, 562
878, 695
282, 809
236, 964
647, 287
800, 773
412, 235
178, 375
21, 796
721, 287
708, 662
910, 209
766, 491
754, 662
550, 53
771, 54
458, 281
452, 267
530, 300
928, 432
67, 439
800, 506
413, 253
989, 888
800, 700
48, 245
393, 318
21, 952
707, 53
490, 47
568, 97
988, 399
806, 760
642, 98
379, 18
425, 510
735, 949
566, 735
490, 175
618, 682
113, 91
47, 925
913, 20
785, 243
470, 996
675, 131
838, 413
565, 397
648, 445
566, 851
960, 777
849, 243
98, 920
397, 840
646, 19
205, 394
66, 467
282, 891
617, 636
328, 516
158, 510
456, 586
923, 980
818, 661
785, 93
942, 472
649, 491
734, 903
728, 570
546, 604
803, 398
144, 361
113, 18
286, 997
16, 736
34, 964
204, 887
470, 968
94, 622
569, 365
2, 394
222, 925
803, 131
98, 782
508, 950
332, 548
145, 124
960, 510
34, 699
693, 93
992, 477
60, 938
34, 471
112, 659
914, 288
178, 421
916, 602
412, 390
210, 718
721, 398
878, 962
257, 188
863, 282
296, 330
881, 320
882, 588
798, 80
360, 731
768, 667
424, 775
740, 622
806, 870
580, 885
580, 618
507, 573
568, 126
488, 924
550, 169
598, 662
451, 377
771, 282
171, 919
439, 472
955, 459
144, 736
404, 530
818, 811
629, 242
361, 395
803, 205
48, 510
378, 659
158, 776
922, 870
846, 995
335, 156
320, 983
173, 169
283, 434
876, 270
583, 472
948, 35
690, 588
643, 394
661, 432
875, 113
722, 510
832, 622
94, 814
219, 96
490, 314
347, 169
547, 936
536, 130
734, 792
374, 344
584, 779
956, 884
533, 476
530, 33
61, 654
330, 206
301, 14
396, 858
486, 15
835, 98
584, 807
721, 316
394, 53
289, 530
530, 189
695, 935
629, 359
219, 14
367, 453
269, 510
504, 170
504, 53
297, 174
159, 245
647, 315
65, 888
657, 650
248, 951
436, 872
614, 319
863, 54
436, 982
753, 16
470, 620
960, 584
909, 127
237, 318
614, 282
551, 432
502, 964
392, 698
676, 735
379, 358
2, 776
953, 302
470, 702
957, 966
222, 283
881, 395
615, 506
453, 157
995, 948
108, 141
334, 312
767, 556
411, 362
140, 439
106, 297
910, 395
184, 110
695, 917
536, 93
374, 234
850, 963
772, 885
251, 357
21, 750
690, 700
580, 589
2, 511
361, 548
141, 17
619, 793
988, 317
995, 902
315, 245
768, 778
360, 703
642, 126
609, 333
486, 207
564, 19
314, 510
139, 594
205, 246
988, 584
807, 981
436, 826
453, 65
144, 964
325, 717
831, 205
101, 453
366, 498
724, 16
571, 458
80, 848
138, 686
112, 776
582, 242
928, 662
850, 888
680, 144
269, 129
456, 852
29, 421
597, 432
850, 472
722, 851
681, 190
583, 359
518, 359
520, 735
565, 204
61, 782
191, 169
254, 545
473, 889
565, 472
94, 129
759, 269
80, 583
680, 80
879, 888
597, 545
877, 427
139, 576
29, 329
661, 170
644, 662
440, 170
994, 838
23, 640
190, 848
956, 617
987, 49
379, 394
581, 700
216, 562
832, 130
693, 509
472, 242
297, 312
942, 242
758, 159
508, 748
883, 856
27, 530
910, 320
375, 252
440, 318
806, 824
720, 48
347, 318
846, 745
137, 796
175, 813
993, 727
910, 811
363, 624
531, 346
141, 92
772, 966
989, 509
67, 63
379, 511
759, 334
786, 735
644, 207
29, 311
767, 538
21, 860
844, 635
610, 426
552, 812
881, 53
436, 762
126, 965
864, 927
295, 421
974, 548
488, 471
143, 281
726, 477
612, 585
658, 807
685, 301
608, 222
960, 243
817, 169
530, 79
138, 750
975, 927
97, 891
843, 570
144, 699
598, 924
753, 432
452, 331
173, 470
68, 45
604, 112
346, 586
771, 699
222, 358
126, 318
16, 700
65, 547
249, 859
845, 727
722, 622
612, 622
28, 485
34, 434
474, 543
180, 265
127, 53
708, 545
286, 732
222, 776
799, 238
320, 873
647, 427
408, 93
531, 143
173, 890
691, 775
2, 246
365, 516
379, 93
65, 623
896, 358
237, 52
283, 53
754, 925
507, 840
106, 343
300, 205
739, 359
439, 544
218, 389
730, 681
249, 841
133, 906
846, 856
488, 660
258, 32
837, 348
552, 775
948, 145
287, 594
758, 177
548, 918
487, 282
661, 775
410, 470
48, 776
883, 995
992, 617
835, 238
222, 659
332, 924
644, 924
993, 745
437, 670
236, 583
141, 468
321, 827
990, 18
2, 128
694, 807
210, 763
689, 477
217, 498
94, 394
832, 473
301, 434
910, 662
258, 78
107, 233
112, 394
285, 702
253, 965
960, 94
360, 968
254, 390
314, 659
547, 651
31, 172
760, 380
675, 94
928, 166
875, 2
921, 759
334, 64
283, 317
734, 838
332, 776
534, 924
63, 205
753, 283
619, 903
442, 775
989, 851
300, 849
376, 125
608, 268
440, 52
33, 204
314, 776
253, 735
396, 968
914, 427
942, 738
785, 359
864, 545
693, 242
22, 686
707, 170
251, 702
917, 713
251, 129
190, 583
836, 366
974, 166
842, 524
928, 810
520, 852
915, 538
204, 511
771, 431
614, 52
850, 621
410, 852
658, 667
215, 608
630, 852
173, 435
287, 576
757, 49
424, 924
80, 317
818, 545
728, 635
112, 511
256, 234
949, 191
875, 67
16, 56
346, 852
411, 126
94, 245
838, 459
804, 666
766, 445
98, 654
437, 652
801, 810
257, 142
63, 169
453, 47
896, 738
620, 949
915, 556
504, 435
424, 658
19, 969
208, 920
204, 659
373, 408
947, 81
20, 842
393, 734
547, 669
65, 924
531, 254
290, 485
184, 155
922, 824
327, 671
597, 52
183, 220
34, 848
740, 852
99, 499
942, 95
916, 649
320, 937
534, 545
314, 924
126, 582
799, 98
210, 672
109, 124
630, 734
269, 246
426, 242
612, 852
876, 177
437, 936
471, 511
457, 317
534, 663
881, 284
953, 256
957, 476
923, 916
361, 246
330, 170
440, 436
454, 174
708, 923
675, 241
506, 857
552, 545
16, 317
503, 588
457, 436
334, 46
348, 52
955, 366
132, 951
876, 159
618, 747
255, 251
208, 781
236, 847
832, 734
178, 329
681, 255
503, 733
924, 934
506, 730
535, 361
518, 241
771, 171
475, 515
483, 498
186, 46
955, 349
618, 839
185, 64
754, 544
81, 56
101, 407
410, 588
603, 66
688, 348
332, 658
675, 360
218, 516
532, 236
442, 923
805, 917
850, 359
910, 928
191, 317
109, 250
326, 763
597, 171
300, 582
98, 516
300, 588
112, 247
545, 558
928, 544
928, 550
236, 853
688, 366
614, 171
734, 746
805, 934
328, 654
722, 733
126, 847
452, 423
320, 763
173, 51
613, 732
616, 729
863, 166
446, 422
657, 556
397, 593
177, 312
398, 575
16, 581
942, 354
863, 170
609, 158
818, 929
942, 361
34, 582
143, 846
644, 543
602, 158
137, 860
393, 589
173, 58
173, 316
740, 733
735, 728
661, 543
818, 922
21, 594
29, 594
139, 842
656, 538
649, 538
476, 499
34, 588
16, 589
499, 499
