504, 499
518, 489
491, 487
518, 510
491, 512
485, 499
504, 475
504, 524
488, 471
518, 469
488, 528
518, 530
472, 487
537, 490
537, 509
472, 512
531, 475
531, 524
504, 456
504, 543
472, 468
459, 499
472, 531
550, 499
485, 455
536, 463
485, 544
536, 536
531, 457
531, 542
550, 476
550, 523
453, 486
453, 513
518, 443
491, 442
518, 556
491, 557
453, 468
563, 490
563, 509
453, 531
550, 457
459, 455
550, 542
459, 544
440, 499
537, 443
472, 442
537, 556
472, 557
440, 481
440, 518
504, 431
569, 476
504, 568
569, 523
491, 424
518, 424
491, 575
518, 575
569, 457
440, 455
457, 437
569, 542
440, 544
582, 490
457, 562
582, 509
426, 486
426, 513
563, 443
536, 424
563, 556
536, 575
472, 423
550, 430
472, 576
550, 569
426, 468
426, 531
582, 463
582, 536
504, 410
440, 436
504, 589
414, 499
440, 563
485, 410
453, 423
485, 589
453, 576
530, 410
530, 589
596, 476
596, 523
564, 425
582, 444
582, 555
564, 574
426, 441
426, 558
407, 486
407, 513
602, 490
602, 509
550, 411
550, 588
458, 409
596, 457
413, 454
596, 542
407, 468
458, 590
413, 545
407, 531
518, 397
518, 602
472, 397
536, 397
472, 602
536, 602
504, 391
582, 424
582, 575
504, 608
569, 411
486, 391
426, 422
394, 499
569, 588
426, 577
440, 409
486, 608
615, 499
440, 590
394, 480
394, 519
408, 441
602, 444
408, 558
602, 555
615, 476
615, 523
596, 430
596, 569
550, 391
458, 391
550, 608
458, 608
564, 397
615, 457
394, 454
615, 542
564, 602
394, 545
491, 378
518, 378
491, 621
518, 621
407, 422
628, 490
628, 509
407, 577
380, 486
380, 513
537, 378
472, 377
537, 621
440, 390
472, 622
394, 435
440, 609
596, 411
582, 398
394, 564
380, 468
596, 588
380, 531
582, 601
426, 397
375, 499
628, 463
426, 602
628, 536
412, 408
614, 430
412, 591
614, 569
452, 377
452, 622
563, 378
504, 364
563, 621
628, 444
504, 635
628, 555
486, 364
375, 454
375, 545
486, 635
531, 364
531, 635
641, 476
641, 523
518, 359
596, 392
615, 411
550, 365
518, 640
412, 391
596, 607
394, 409
376, 437
615, 588
362, 486
550, 634
458, 364
412, 608
376, 562
362, 513
394, 590
647, 490
647, 509
458, 635
536, 359
582, 378
536, 640
472, 358
643, 459
582, 621
426, 377
628, 424
643, 540
381, 422
628, 575
472, 641
381, 577
426, 622
361, 467
361, 532
569, 365
440, 364
569, 634
440, 635
647, 444
362, 441
614, 392
647, 555
362, 558
504, 345
614, 607
394, 390
602, 379
504, 654
485, 345
531, 346
394, 609
602, 620
407, 377
348, 499
660, 500
485, 654
531, 653
407, 622
348, 481
348, 518
660, 476
660, 523
375, 408
375, 591
646, 426
550, 346
628, 398
646, 573
459, 345
628, 601
550, 653
426, 358
459, 654
660, 457
660, 542
426, 641
348, 454
361, 422
596, 365
348, 545
641, 411
361, 577
596, 634
641, 588
342, 468
342, 531
582, 353
569, 346
582, 646
440, 345
569, 653
491, 332
518, 332
440, 654
491, 667
518, 667
348, 435
375, 390
348, 564
375, 609
408, 359
472, 332
660, 431
537, 332
674, 490
674, 509
660, 568
408, 640
336, 468
336, 531
472, 667
537, 667
362, 403
362, 596
628, 379
381, 377
628, 620
381, 622
615, 365
394, 364
615, 634
394, 635
330, 481
675, 462
329, 500
330, 518
647, 398
675, 537
453, 331
647, 601
453, 668
563, 332
680, 476
680, 523
563, 667
596, 346
674, 444
413, 345
674, 555
660, 411
596, 653
660, 588
413, 654
504, 319
348, 409
348, 590
329, 454
329, 545
504, 680
582, 333
337, 422
337, 577
582, 666
426, 331
490, 314
550, 319
675, 426
426, 668
675, 573
329, 435
518, 313
490, 685
647, 379
329, 564
550, 680
362, 377
647, 620
518, 686
380, 358
362, 622
316, 486
380, 641
316, 513
536, 313
472, 313
615, 346
693, 490
394, 345
693, 509
472, 686
536, 686
660, 391
615, 653
394, 654
660, 608
348, 390
316, 467
316, 532
348, 609
440, 319
692, 463
692, 536
641, 365
440, 680
628, 352
641, 634
602, 333
453, 313
628, 647
602, 666
453, 686
407, 331
564, 314
407, 668
564, 685
316, 441
680, 411
329, 409
693, 444
316, 558
693, 555
680, 588
329, 590
674, 398
674, 601
504, 300
504, 699
362, 358
530, 300
362, 641
375, 345
485, 299
303, 499
375, 654
530, 699
582, 313
426, 313
485, 700
706, 498
706, 501
692, 425
596, 319
692, 574
426, 686
582, 686
596, 680
316, 422
706, 476
706, 523
316, 577
341, 376
550, 300
341, 623
459, 299
550, 699
642, 347
660, 365
459, 700
303, 454
642, 652
329, 390
303, 545
660, 634
706, 457
706, 542
329, 609
394, 324
348, 363
628, 333
297, 486
297, 513
394, 675
348, 636
628, 666
674, 379
336, 376
674, 620
380, 331
336, 623
297, 468
569, 300
297, 531
380, 668
407, 313
440, 299
569, 699
407, 686
440, 700
614, 319
316, 402
302, 436
614, 680
302, 563
316, 597
706, 431
518, 286
706, 568
693, 398
518, 713
693, 601
719, 490
719, 509
536, 286
472, 286
472, 713
536, 713
487, 282
660, 346
487, 717
504, 280
647, 333
660, 653
596, 300
413, 299
647, 666
348, 344
362, 331
504, 719
596, 699
706, 411
348, 655
413, 700
706, 588
362, 668
330, 363
297, 422
283, 499
680, 365
297, 577
564, 286
330, 636
302, 408
680, 634
283, 480
283, 519
719, 444
302, 591
719, 555
725, 476
564, 713
725, 523
628, 314
458, 281
380, 313
628, 685
458, 718
550, 280
693, 379
380, 686
693, 620
316, 376
550, 719
725, 458
725, 541
316, 623
283, 454
283, 545
582, 287
426, 286
582, 712
426, 713
615, 300
440, 280
394, 299
615, 699
706, 391
440, 719
394, 700
706, 608
302, 390
302, 609
283, 435
283, 564
678, 348
678, 651
725, 430
725, 569
491, 267
518, 267
646, 315
646, 684
491, 732
518, 732
348, 325
329, 344
738, 490
472, 267
738, 509
537, 267
270, 486
270, 513
348, 674
329, 655
408, 285
362, 312
472, 732
537, 732
408, 714
362, 687
316, 357
597, 282
270, 467
316, 642
270, 532
597, 717
660, 320
725, 412
674, 333
739, 463
452, 267
725, 587
739, 536
375, 299
660, 679
674, 666
563, 268
283, 409
692, 352
452, 732
375, 700
720, 397
283, 590
692, 647
720, 602
563, 731
264, 499
738, 444
738, 555
297, 376
297, 623
641, 300
269, 440
706, 365
641, 699
269, 559
706, 634
582, 268
614, 281
264, 454
264, 545
582, 731
426, 267
504, 254
394, 280
614, 718
330, 326
628, 287
426, 732
485, 254
394, 719
504, 745
330, 673
719, 379
270, 422
739, 425
530, 254
283, 390
628, 712
270, 577
739, 574
719, 620
485, 745
283, 609
530, 745
752, 476
752, 523
550, 254
550, 745
458, 253
297, 358
602, 268
297, 641
675, 315
458, 746
752, 458
336, 312
407, 267
752, 541
693, 333
602, 731
675, 684
336, 687
316, 331
693, 666
407, 732
316, 668
376, 281
660, 300
757, 490
757, 509
440, 254
251, 486
251, 513
706, 346
269, 404
569, 254
348, 299
660, 699
376, 718
303, 344
269, 595
706, 653
440, 745
348, 700
303, 655
569, 745
738, 398
472, 246
251, 467
251, 532
738, 601
647, 287
362, 286
472, 753
647, 712
362, 713
752, 430
752, 569
725, 366
518, 241
725, 633
283, 364
518, 758
283, 635
251, 441
251, 558
758, 444
758, 555
536, 240
596, 254
536, 759
628, 268
381, 267
596, 745
752, 412
738, 379
628, 731
752, 587
738, 620
381, 732
412, 252
264, 390
692, 314
426, 247
504, 235
264, 609
270, 376
251, 422
692, 685
412, 747
485, 235
426, 752
251, 577
270, 623
680, 301
504, 764
316, 312
680, 698
485, 764
329, 299
316, 687
238, 499
329, 700
238, 480
238, 519
771, 499
297, 330
297, 669
771, 477
550, 235
458, 235
771, 522
725, 347
725, 652
348, 280
458, 764
550, 764
615, 254
394, 253
582, 241
660, 279
348, 719
238, 454
615, 745
706, 320
283, 344
238, 545
771, 457
394, 746
771, 542
582, 758
283, 655
660, 720
706, 679
251, 403
568, 236
251, 596
719, 333
440, 235
568, 763
647, 268
674, 287
719, 666
757, 398
674, 712
647, 731
361, 267
440, 764
757, 601
270, 358
361, 732
238, 435
270, 641
238, 564
771, 431
771, 568
739, 352
518, 222
739, 647
375, 253
491, 221
518, 777
596, 236
375, 746
537, 222
297, 312
413, 235
491, 778
596, 763
297, 687
472, 221
537, 777
757, 379
784, 490
784, 509
413, 764
329, 280
757, 620
641, 254
238, 409
771, 412
472, 778
329, 719
771, 587
238, 590
283, 325
251, 376
641, 745
224, 468
251, 623
224, 531
752, 365
283, 674
752, 634
453, 221
706, 301
563, 222
785, 463
785, 536
221, 483
221, 516
706, 698
453, 778
693, 287
316, 286
563, 777
725, 320
693, 712
316, 713
302, 298
219, 499
725, 679
614, 236
784, 444
784, 555
302, 701
264, 344
337, 267
614, 763
264, 655
628, 241
337, 732
674, 268
738, 333
394, 234
628, 758
238, 390
738, 666
674, 731
582, 222
394, 765
238, 609
791, 476
791, 523
270, 331
219, 454
270, 668
219, 545
582, 777
426, 221
362, 247
225, 422
771, 387
660, 255
426, 778
225, 577
771, 612
251, 357
362, 752
660, 744
785, 425
251, 642
785, 574
752, 347
504, 208
348, 253
752, 652
504, 791
219, 435
348, 746
219, 564
486, 207
486, 792
550, 209
602, 222
375, 235
407, 221
458, 208
550, 790
375, 764
602, 777
646, 240
407, 778
458, 791
646, 759
518, 203
725, 301
518, 796
725, 698
784, 398
536, 203
302, 280
440, 208
568, 208
784, 601
283, 299
771, 366
693, 268
302, 719
536, 796
472, 202
283, 700
771, 633
568, 791
440, 791
739, 314
803, 490
803, 509
219, 408
693, 731
205, 486
205, 513
316, 266
219, 591
270, 312
237, 363
739, 685
472, 797
791, 412
237, 636
316, 733
270, 687
791, 587
205, 467
205, 532
680, 255
803, 463
803, 536
706, 275
680, 744
329, 253
719, 287
706, 724
719, 712
329, 746
758, 333
628, 222
251, 331
758, 666
381, 221
803, 444
803, 555
251, 668
628, 777
205, 441
784, 379
205, 558
225, 376
381, 778
784, 620
219, 390
596, 208
225, 623
219, 609
582, 203
596, 791
752, 319
660, 235
752, 680
582, 796
426, 202
348, 234
660, 764
771, 346
238, 344
803, 425
426, 797
771, 653
803, 574
348, 765
238, 655
205, 422
205, 577
504, 189
675, 240
615, 209
485, 189
504, 810
530, 189
394, 208
283, 280
675, 759
615, 790
485, 810
297, 266
647, 222
283, 719
192, 499
394, 791
530, 810
362, 221
297, 733
407, 202
647, 777
817, 498
817, 501
264, 298
362, 778
459, 189
407, 797
550, 189
264, 701
817, 477
817, 522
223, 359
459, 810
205, 402
550, 810
223, 640
316, 247
251, 312
205, 597
251, 687
316, 752
192, 454
192, 545
720, 269
803, 398
738, 287
569, 190
817, 457
803, 601
817, 542
720, 730
791, 366
738, 712
440, 189
791, 633
569, 809
706, 255
785, 352
187, 485
752, 301
187, 514
440, 810
706, 744
329, 234
785, 647
752, 698
329, 765
192, 435
269, 284
237, 325
192, 564
693, 242
269, 715
237, 674
186, 467
186, 532
301, 252
693, 757
817, 431
301, 747
817, 568
380, 203
628, 203
771, 320
380, 796
628, 796
771, 679
803, 379
596, 190
803, 620
414, 189
518, 176
205, 376
596, 809
643, 207
205, 623
414, 810
643, 792
518, 823
490, 175
337, 221
219, 344
472, 176
537, 176
817, 412
219, 655
192, 408
674, 222
817, 587
337, 778
192, 591
490, 824
784, 333
472, 823
537, 823
674, 777
784, 666
830, 490
830, 509
186, 422
186, 577
615, 190
563, 176
738, 268
454, 174
394, 189
362, 202
725, 255
615, 809
660, 209
563, 823
738, 731
454, 825
394, 810
725, 744
504, 169
757, 287
362, 797
660, 790
348, 208
270, 266
192, 390
830, 444
283, 253
251, 286
757, 712
830, 555
192, 609
270, 733
173, 499
504, 830
205, 357
348, 791
251, 713
283, 746
205, 642
173, 480
173, 519
706, 236
835, 476
835, 523
582, 176
426, 176
771, 301
706, 763
220, 326
303, 234
817, 386
771, 698
220, 673
817, 613
803, 352
550, 169
426, 823
582, 823
303, 765
238, 298
835, 458
803, 647
835, 541
238, 701
173, 454
550, 830
173, 545
440, 170
693, 222
316, 221
375, 189
225, 312
785, 315
440, 829
693, 777
316, 778
225, 687
785, 684
375, 810
173, 435
173, 564
602, 176
408, 175
641, 190
835, 430
835, 569
602, 823
408, 824
641, 809
679, 208
330, 207
817, 366
679, 791
817, 633
330, 792
186, 376
830, 398
186, 623
830, 601
757, 269
803, 333
835, 412
491, 157
518, 157
803, 666
835, 587
757, 730
205, 331
491, 842
173, 408
518, 842
205, 668
472, 157
725, 236
173, 591
537, 157
269, 248
251, 266
725, 763
472, 842
238, 280
269, 751
537, 842
251, 733
283, 234
849, 490
849, 509
238, 719
159, 486
159, 513
160, 467
160, 532
453, 157
283, 765
628, 176
660, 190
297, 221
453, 842
849, 464
849, 535
380, 175
628, 823
187, 358
660, 809
348, 189
830, 380
563, 157
187, 641
830, 619
297, 778
738, 242
394, 169
380, 824
752, 255
348, 810
817, 347
563, 842
738, 757
192, 344
817, 652
173, 390
771, 275
752, 744
791, 301
219, 298
173, 609
394, 830
192, 655
771, 724
791, 698
219, 701
849, 444
849, 555
159, 441
159, 558
719, 222
692, 203
582, 157
426, 157
784, 287
719, 777
316, 202
692, 796
803, 314
426, 842
582, 842
784, 712
803, 685
316, 797
160, 422
205, 312
160, 577
849, 425
849, 574
205, 687
647, 176
706, 209
614, 163
362, 175
647, 823
706, 790
614, 836
601, 158
362, 824
601, 841
407, 157
680, 190
329, 189
504, 143
407, 842
680, 809
485, 143
329, 810
530, 143
504, 856
147, 499
251, 247
485, 856
264, 234
836, 366
251, 752
173, 363
530, 856
550, 144
836, 633
190, 327
159, 403
173, 636
264, 765
159, 596
190, 672
862, 477
862, 522
550, 855
458, 143
219, 280
849, 398
849, 601
147, 454
458, 856
147, 545
219, 719
817, 320
569, 144
817, 679
863, 458
753, 237
863, 541
771, 255
440, 143
569, 855
297, 202
753, 762
238, 253
771, 744
738, 222
440, 856
297, 797
784, 268
238, 746
141, 486
141, 513
738, 777
270, 221
225, 266
784, 731
628, 157
380, 157
868, 490
348, 170
868, 509
270, 778
225, 733
835, 347
141, 467
141, 532
725, 209
835, 652
380, 842
628, 842
674, 176
348, 829
849, 379
160, 376
283, 208
725, 790
173, 344
863, 430
849, 620
160, 623
863, 569
830, 333
674, 823
173, 655
283, 791
830, 666
803, 287
596, 144
803, 712
205, 286
413, 143
141, 441
205, 713
596, 855
141, 558
868, 444
868, 555
413, 856
862, 412
862, 587
186, 312
706, 190
518, 130
472, 131
186, 687
660, 164
647, 158
706, 809
518, 869
303, 188
817, 301
472, 868
536, 130
660, 835
647, 841
817, 698
141, 422
303, 811
192, 298
141, 577
536, 869
361, 156
192, 701
615, 144
160, 357
330, 170
160, 642
361, 843
394, 143
615, 855
330, 829
147, 390
394, 856
147, 609
173, 325
693, 176
173, 674
486, 125
316, 175
849, 353
771, 236
504, 124
849, 646
758, 223
693, 823
486, 874
316, 824
238, 234
141, 403
771, 763
141, 596
758, 776
251, 221
504, 875
582, 131
238, 765
219, 253
251, 778
791, 255
835, 319
458, 125
550, 125
127, 500
881, 497
881, 502
219, 746
582, 868
426, 130
835, 680
791, 744
127, 480
127, 519
881, 477
881, 522
868, 398
458, 874
550, 874
803, 268
739, 203
868, 601
270, 202
426, 869
568, 126
803, 731
375, 143
739, 796
270, 797
205, 266
881, 458
881, 541
568, 873
375, 856
127, 454
205, 733
127, 545
725, 190
440, 124
641, 144
725, 809
674, 158
192, 280
440, 875
641, 855
785, 241
337, 156
283, 188
752, 209
192, 719
862, 366
674, 841
867, 380
785, 758
862, 633
867, 619
283, 811
752, 790
337, 843
127, 435
127, 564
849, 333
881, 431
881, 568
141, 376
849, 666
141, 623
159, 330
411, 126
159, 669
298, 174
817, 275
596, 125
411, 873
817, 724
298, 825
835, 301
596, 874
835, 698
881, 412
881, 587
173, 298
660, 144
173, 701
127, 408
719, 176
127, 591
491, 111
518, 111
148, 344
628, 131
660, 855
148, 655
348, 143
719, 823
830, 287
219, 234
491, 888
518, 888
628, 868
472, 111
537, 111
830, 712
348, 856
141, 357
614, 125
219, 765
863, 347
251, 202
141, 642
863, 652
472, 888
537, 888
693, 157
614, 874
394, 124
251, 797
205, 247
895, 490
895, 509
316, 156
706, 164
113, 485
113, 514
114, 467
114, 532
452, 111
849, 314
160, 312
693, 842
205, 752
394, 875
849, 685
316, 843
160, 687
706, 835
563, 111
452, 888
895, 463
127, 389
895, 536
264, 188
127, 610
784, 223
563, 888
881, 386
264, 811
881, 613
784, 776
771, 209
186, 266
803, 242
186, 733
895, 444
803, 757
771, 790
237, 208
895, 555
224, 220
646, 130
362, 130
375, 125
237, 791
426, 111
582, 111
224, 779
108, 499
752, 190
680, 144
362, 869
646, 869
375, 874
329, 143
582, 888
426, 888
817, 255
752, 809
680, 855
283, 169
173, 279
817, 744
114, 422
329, 856
114, 577
895, 425
283, 830
173, 720
738, 177
895, 574
108, 454
108, 545
191, 252
738, 822
830, 269
602, 112
191, 747
830, 730
270, 175
881, 366
407, 111
109, 436
868, 333
881, 633
109, 563
602, 887
862, 320
141, 330
127, 364
270, 824
868, 666
297, 156
862, 679
127, 635
141, 669
407, 888
504, 98
297, 843
504, 901
486, 97
724, 162
724, 837
486, 902
550, 98
895, 398
895, 601
849, 288
550, 901
458, 97
908, 476
908, 523
849, 711
660, 125
109, 408
109, 591
458, 902
159, 285
440, 98
660, 874
348, 124
674, 130
628, 112
881, 347
159, 714
881, 652
803, 223
381, 111
568, 97
440, 901
348, 875
674, 869
518, 92
536, 93
628, 887
785, 204
803, 776
127, 344
381, 888
127, 655
568, 902
785, 795
224, 202
518, 907
536, 906
472, 92
205, 221
141, 312
771, 190
706, 144
141, 687
817, 236
224, 797
114, 376
205, 778
895, 379
913, 490
862, 301
913, 509
771, 809
95, 486
114, 623
95, 513
238, 188
472, 907
895, 620
706, 855
192, 234
817, 763
862, 698
147, 298
238, 811
192, 765
147, 701
302, 142
95, 467
757, 176
95, 532
913, 463
913, 536
108, 390
108, 609
302, 857
757, 823
251, 175
596, 98
251, 824
836, 255
596, 901
173, 253
647, 112
836, 744
173, 746
95, 441
95, 558
316, 131
908, 412
908, 587
647, 887
361, 111
738, 158
914, 444
693, 131
914, 555
329, 124
316, 868
738, 841
582, 92
426, 92
361, 888
912, 426
693, 868
912, 573
329, 875
849, 268
270, 156
127, 325
582, 907
426, 907
160, 266
127, 674
113, 358
849, 731
394, 98
113, 641
160, 733
270, 843
615, 98
95, 422
95, 577
394, 901
615, 901
881, 320
895, 352
881, 679
895, 647
408, 92
725, 144
725, 855
283, 143
408, 907
146, 280
283, 856
504, 79
146, 719
95, 402
485, 79
95, 597
803, 203
530, 79
504, 920
142, 284
868, 287
913, 398
834, 237
485, 920
205, 202
803, 796
913, 601
142, 715
791, 190
868, 712
530, 920
219, 188
834, 762
82, 499
205, 797
187, 220
459, 79
337, 111
791, 809
550, 79
219, 811
674, 112
187, 779
927, 499
337, 888
81, 481
459, 920
81, 518
550, 920
927, 477
674, 887
927, 522
238, 169
173, 234
907, 366
82, 454
82, 545
757, 158
238, 830
173, 765
907, 633
895, 333
379, 93
440, 79
569, 79
642, 97
706, 125
927, 457
895, 666
927, 542
108, 344
757, 841
628, 92
108, 655
379, 906
881, 301
440, 920
302, 124
706, 874
913, 380
113, 330
642, 902
569, 920
251, 156
913, 619
881, 698
113, 669
628, 907
817, 209
784, 177
302, 875
251, 843
95, 376
830, 223
159, 247
127, 298
817, 790
95, 623
784, 822
127, 701
830, 776
81, 435
159, 752
81, 564
866, 270
771, 164
927, 431
927, 568
866, 729
771, 835
265, 142
413, 79
596, 79
75, 467
849, 242
75, 532
660, 98
265, 857
693, 112
413, 920
849, 757
596, 920
362, 92
316, 111
348, 97
660, 901
141, 266
693, 887
927, 412
141, 733
362, 907
316, 888
927, 587
348, 902
114, 312
895, 314
81, 408
81, 591
114, 687
95, 357
895, 685
752, 144
724, 126
862, 255
95, 642
862, 744
752, 855
724, 873
491, 65
518, 65
187, 202
615, 79
913, 352
913, 647
187, 797
394, 78
472, 65
536, 65
491, 934
518, 934
283, 124
219, 170
615, 920
75, 422
219, 829
75, 577
940, 490
738, 131
394, 921
82, 389
940, 509
283, 875
472, 934
536, 934
82, 610
127, 279
738, 868
453, 65
127, 720
173, 213
679, 98
927, 386
453, 934
563, 65
330, 97
927, 613
173, 786
679, 901
881, 275
330, 902
563, 934
881, 724
375, 79
803, 177
940, 444
940, 555
817, 190
582, 66
173, 209
835, 209
803, 822
375, 920
192, 188
817, 809
297, 110
835, 790
173, 790
205, 175
582, 933
426, 65
63, 499
784, 158
192, 811
63, 481
63, 518
297, 889
205, 824
641, 79
944, 459
849, 223
141, 247
944, 540
426, 934
784, 841
225, 156
95, 331
914, 333
849, 776
141, 752
251, 136
95, 668
946, 476
946, 523
914, 666
719, 112
641, 920
225, 843
160, 220
909, 319
251, 863
63, 454
63, 545
927, 366
160, 779
719, 887
909, 680
927, 633
108, 298
771, 144
895, 288
238, 143
863, 237
108, 701
147, 234
81, 362
407, 65
895, 711
602, 65
81, 637
771, 855
863, 762
147, 765
238, 856
264, 124
63, 435
407, 934
63, 564
602, 934
504, 53
264, 875
75, 376
945, 430
945, 569
75, 623
504, 946
757, 130
940, 398
940, 601
660, 79
757, 869
550, 53
660, 920
348, 78
706, 98
907, 301
881, 255
316, 91
550, 946
907, 698
927, 347
82, 344
881, 744
693, 91
95, 312
927, 652
706, 901
348, 921
82, 655
316, 908
95, 687
127, 253
63, 408
628, 66
946, 412
63, 591
693, 908
440, 53
946, 587
127, 746
628, 933
380, 65
440, 946
109, 280
109, 719
491, 47
518, 47
738, 112
380, 934
835, 190
941, 380
738, 887
536, 47
941, 619
491, 952
518, 952
835, 809
803, 158
895, 269
270, 110
679, 80
191, 170
536, 952
472, 46
895, 730
173, 188
803, 841
114, 266
160, 202
63, 389
63, 610
114, 733
270, 889
191, 829
453, 47
173, 811
679, 919
205, 156
959, 490
959, 509
160, 797
472, 953
49, 486
49, 513
849, 202
298, 93
394, 57
205, 843
453, 952
849, 797
329, 78
564, 47
647, 66
49, 467
298, 906
49, 532
596, 52
959, 463
394, 942
959, 536
791, 144
362, 65
868, 223
219, 142
329, 921
647, 933
564, 952
791, 855
596, 947
81, 325
868, 776
362, 934
219, 857
81, 674
141, 220
725, 98
830, 177
959, 444
959, 555
141, 779
817, 164
582, 47
49, 441
283, 97
725, 901
49, 558
830, 822
817, 835
927, 320
771, 125
283, 902
582, 952
426, 46
881, 236
927, 679
238, 124
881, 763
614, 52
771, 874
238, 875
426, 953
913, 287
862, 209
127, 234
959, 425
941, 352
95, 286
913, 712
959, 574
614, 947
862, 790
941, 647
127, 765
49, 422
63, 363
946, 366
95, 713
49, 577
63, 636
946, 633
784, 131
758, 112
784, 868
407, 46
758, 887
251, 110
407, 953
251, 889
49, 403
674, 66
49, 596
111, 250
111, 749
504, 33
706, 79
959, 398
674, 933
347, 60
959, 601
485, 33
303, 78
940, 333
530, 33
940, 666
706, 920
504, 966
927, 301
347, 939
485, 966
173, 169
303, 921
63, 344
927, 698
530, 966
186, 156
63, 655
895, 242
75, 312
36, 499
173, 830
459, 33
550, 33
81, 298
75, 687
895, 757
186, 843
628, 47
81, 701
973, 496
973, 503
141, 202
459, 966
913, 269
550, 966
270, 92
973, 477
973, 522
141, 797
628, 952
380, 46
913, 730
36, 454
36, 545
205, 136
270, 907
440, 33
569, 33
959, 379
380, 953
95, 266
973, 458
959, 620
973, 541
219, 124
205, 863
907, 255
738, 90
95, 733
49, 376
440, 966
752, 98
569, 966
49, 623
907, 744
831, 159
219, 875
849, 177
738, 909
330, 60
752, 901
693, 66
831, 840
660, 53
849, 822
862, 190
316, 65
330, 939
31, 486
127, 213
31, 513
35, 436
817, 144
159, 175
35, 563
693, 933
660, 946
147, 188
862, 809
725, 80
127, 786
316, 934
973, 431
159, 824
817, 855
973, 568
647, 47
63, 325
147, 811
192, 142
803, 131
63, 674
725, 919
414, 33
362, 46
192, 857
803, 868
596, 33
647, 952
30, 467
30, 532
283, 78
414, 966
881, 209
362, 953
82, 279
596, 966
881, 790
945, 319
82, 720
283, 921
108, 234
49, 357
945, 680
49, 642
973, 412
108, 765
973, 587
784, 112
959, 353
959, 646
784, 887
895, 223
927, 275
225, 110
394, 33
615, 33
927, 724
895, 776
518, 20
225, 889
114, 220
394, 966
615, 966
536, 20
472, 20
251, 91
114, 779
518, 979
30, 422
30, 577
95, 247
36, 390
36, 609
297, 65
771, 99
95, 752
251, 908
536, 979
472, 979
341, 46
32, 404
32, 595
297, 934
771, 900
986, 491
986, 508
341, 953
237, 97
973, 385
973, 614
674, 47
984, 444
336, 46
984, 555
237, 902
719, 66
375, 33
913, 241
564, 19
674, 952
336, 953
913, 758
946, 301
486, 15
719, 933
959, 333
940, 288
375, 966
264, 78
63, 298
959, 666
564, 980
946, 698
940, 711
504, 14
49, 331
63, 701
849, 158
426, 20
582, 20
486, 984
49, 668
264, 921
641, 33
160, 156
849, 841
868, 177
504, 985
836, 144
173, 143
426, 979
582, 979
160, 843
141, 175
868, 822
641, 966
836, 855
173, 856
752, 80
17, 499
991, 496
991, 503
550, 14
458, 14
141, 824
17, 480
17, 519
881, 190
973, 366
817, 125
752, 919
973, 633
192, 124
881, 809
458, 985
550, 985
75, 266
927, 255
817, 874
992, 477
992, 522
192, 875
75, 733
991, 458
127, 188
991, 541
927, 744
803, 112
17, 454
17, 545
440, 14
127, 811
408, 19
706, 53
30, 376
81, 252
803, 887
693, 47
30, 623
440, 985
114, 202
81, 747
895, 203
316, 46
408, 980
706, 946
205, 110
114, 797
693, 952
895, 796
959, 314
17, 435
17, 564
316, 953
348, 33
660, 33
205, 889
985, 398
959, 685
985, 601
863, 163
991, 431
991, 568
49, 312
738, 66
49, 687
660, 966
348, 966
863, 836
790, 98
596, 15
63, 279
36, 344
220, 96
973, 347
831, 130
270, 65
738, 933
283, 58
63, 720
36, 655
973, 652
790, 901
596, 984
831, 869
941, 269
220, 903
270, 934
283, 941
914, 223
941, 730
628, 20
914, 776
30, 357
95, 220
30, 642
17, 408
17, 591
95, 779
992, 412
628, 979
992, 587
797, 98
680, 34
908, 209
614, 14
394, 14
797, 901
771, 79
329, 33
908, 790
238, 78
297, 46
927, 236
680, 965
724, 52
614, 985
394, 985
82, 234
771, 920
927, 763
329, 966
82, 765
238, 921
297, 953
724, 947
17, 389
377, 16
141, 156
17, 610
362, 20
647, 20
159, 137
141, 843
991, 385
173, 124
785, 85
377, 983
991, 614
362, 979
159, 862
647, 979
173, 875
4, 467
127, 169
4, 532
3, 486
785, 914
3, 513
959, 288
127, 830
959, 711
973, 320
758, 66
31, 330
973, 679
251, 65
49, 286
186, 110
31, 669
49, 713
758, 933
186, 889
251, 934
108, 188
108, 811
862, 144
881, 164
849, 131
862, 855
946, 255
63, 253
881, 835
849, 868
946, 744
17, 364
63, 746
17, 635
992, 366
205, 91
4, 422
830, 112
4, 577
95, 201
992, 633
895, 177
95, 798
205, 908
830, 887
706, 34
895, 822
790, 80
941, 241
984, 334
984, 665
706, 965
817, 99
941, 758
908, 191
790, 919
674, 20
219, 78
908, 808
817, 900
302, 32
738, 47
973, 301
674, 979
219, 921
36, 298
660, 14
348, 14
973, 698
30, 312
302, 967
36, 701
959, 269
270, 46
738, 952
803, 86
30, 687
991, 347
959, 730
660, 985
348, 985
991, 652
77, 219
803, 913
270, 953
2, 404
17, 344
2, 595
77, 780
49, 266
142, 138
17, 655
49, 733
190, 95
142, 861
190, 904
927, 209
927, 790
109, 170
63, 234
316, 20
237, 59
109, 829
725, 34
693, 20
63, 765
316, 979
237, 940
329, 14
784, 66
725, 965
283, 33
693, 979
3, 376
940, 223
3, 623
784, 933
329, 985
940, 776
756, 48
283, 966
36, 280
36, 719
17, 325
224, 64
17, 674
756, 951
863, 126
147, 124
881, 144
224, 935
863, 873
849, 112
147, 875
881, 855
895, 158
991, 320
251, 46
849, 887
991, 679
127, 142
160, 110
114, 156
895, 841
251, 953
771, 53
127, 857
835, 98
160, 889
114, 843
49, 247
973, 274
49, 752
973, 725
771, 946
173, 97
835, 901
3, 357
76, 202
3, 642
914, 177
173, 902
76, 797
95, 175
914, 822
95, 824
959, 242
817, 80
959, 757
817, 919
927, 190
192, 78
82, 188
927, 809
82, 811
192, 921
301, 15
264, 32
63, 214
706, 14
63, 785
985, 287
301, 984
264, 967
985, 712
803, 66
706, 985
992, 301
17, 298
752, 34
992, 698
205, 65
803, 933
17, 701
205, 934
752, 965
30, 266
30, 733
946, 209
973, 255
3, 330
3, 669
973, 744
946, 790
881, 125
868, 112
724, 15
784, 47
127, 124
881, 874
868, 887
225, 46
141, 110
959, 223
109, 142
127, 875
913, 158
784, 952
724, 984
959, 776
141, 889
225, 953
109, 857
738, 20
913, 841
160, 91
49, 220
95, 156
4, 312
283, 13
835, 80
738, 979
4, 687
49, 779
17, 279
95, 843
160, 908
835, 919
17, 720
283, 986
269, 18
31, 248
173, 78
31, 751
771, 34
269, 981
173, 921
907, 145
991, 274
81, 169
862, 99
991, 725
895, 131
907, 854
771, 965
81, 830
849, 87
238, 32
862, 900
895, 868
973, 236
36, 234
849, 912
973, 763
187, 64
238, 967
36, 765
946, 191
187, 935
946, 808
927, 164
63, 188
63, 811
927, 835
757, 20
803, 47
830, 66
940, 177
251, 19
757, 979
940, 822
205, 46
803, 952
830, 933
251, 980
205, 953
49, 201
959, 201
49, 798
959, 798
817, 53
108, 124
959, 198
992, 255
17, 253
817, 946
992, 744
17, 746
108, 875
959, 801
141, 91
791, 34
141, 908
95, 136
219, 32
791, 965
95, 863
219, 967
75, 156
881, 99
75, 843
30, 220
895, 112
913, 131
881, 900
30, 779
173, 59
63, 169
114, 110
895, 887
913, 868
862, 80
127, 97
148, 78
63, 830
173, 940
973, 209
114, 889
927, 145
4, 266
127, 902
862, 919
973, 790
4, 733
148, 921
927, 854
186, 46
991, 236
81, 142
771, 14
849, 66
941, 159
984, 223
991, 763
238, 13
81, 857
984, 776
186, 953
941, 840
849, 933
17, 234
771, 985
784, 20
238, 986
17, 765
159, 64
784, 979
159, 935
835, 52
835, 947
959, 177
757, 2
959, 822
49, 175
757, 997
49, 824
30, 201
30, 798
817, 34
3, 247
973, 191
3, 752
817, 965
192, 32
973, 808
36, 188
36, 811
192, 967
219, 14
219, 985
881, 80
914, 112
17, 214
881, 919
113, 92
95, 110
914, 887
927, 125
205, 20
803, 20
17, 785
113, 907
127, 78
95, 889
927, 874
81, 124
803, 979
205, 979
868, 66
127, 921
81, 875
946, 145
868, 933
141, 64
991, 209
946, 854
991, 790
141, 935
63, 142
63, 857
959, 158
849, 47
895, 86
160, 46
959, 841
908, 98
849, 952
895, 913
160, 953
49, 156
908, 901
49, 843
941, 131
836, 34
941, 868
836, 965
173, 32
173, 967
863, 52
3, 220
32, 173
3, 779
863, 947
32, 826
991, 191
973, 164
192, 14
991, 808
973, 835
817, 14
192, 985
95, 91
17, 188
108, 78
984, 177
817, 985
17, 811
95, 908
984, 822
108, 921
63, 124
75, 110
830, 20
127, 59
63, 875
75, 889
127, 940
830, 979
141, 46
141, 953
909, 81
49, 136
927, 99
3, 202
49, 863
909, 918
927, 900
3, 797
940, 112
895, 66
940, 887
881, 53
895, 933
81, 96
881, 946
113, 64
81, 903
30, 156
959, 131
113, 935
30, 843
959, 868
862, 34
973, 145
862, 965
147, 32
173, 13
973, 854
17, 169
147, 967
173, 986
17, 830
849, 21
35, 141
849, 978
35, 858
159, 19
991, 163
159, 980
991, 836
830, 2
830, 997
927, 80
82, 78
927, 919
946, 99
914, 66
95, 65
63, 97
946, 900
82, 921
914, 933
95, 934
959, 112
63, 902
895, 47
114, 46
959, 887
895, 952
114, 953
2, 173
49, 110
881, 34
2, 826
973, 126
49, 889
881, 965
36, 124
973, 873
127, 32
36, 875
127, 967
868, 20
141, 19
868, 979
141, 980
992, 145
992, 854
17, 142
17, 857
4, 156
4, 843
913, 48
946, 80
913, 951
63, 78
946, 919
95, 46
81, 59
63, 921
95, 953
81, 940
49, 91
49, 908
108, 32
108, 967
30, 110
991, 126
30, 889
991, 873
881, 14
940, 66
959, 86
927, 53
127, 13
881, 985
959, 913
940, 933
17, 123
907, 34
927, 946
127, 986
17, 876
868, 2
907, 965
973, 99
984, 112
868, 997
973, 900
984, 887
895, 20
895, 979
63, 59
63, 940
75, 46
31, 92
75, 953
31, 907
109, 14
109, 985
941, 48
959, 66
927, 34
941, 951
959, 933
973, 80
927, 965
82, 32
49, 64
36, 78
973, 919
913, 20
95, 20
36, 921
82, 967
49, 935
913, 979
95, 979
992, 99
17, 97
992, 900
17, 902
895, 2
895, 997
4, 110
4, 889
959, 47
946, 34
959, 952
946, 965
63, 32
991, 80
31, 64
49, 45
63, 967
991, 919
31, 935
49, 954
927, 14
913, 2
17, 78
81, 13
927, 985
17, 921
913, 997
81, 986
3, 91
984, 66
3, 908
984, 933
973, 53
973, 946
941, 20
941, 979
30, 46
63, 13
30, 953
63, 986
17, 58
17, 941
959, 21
991, 53
973, 34
959, 978
991, 946
940, 2
36, 32
973, 965
49, 19
36, 967
940, 997
49, 980
3, 64
3, 935
959, 2
973, 15
992, 34
959, 997
973, 984
35, 14
17, 32
992, 965
4, 45
35, 985
17, 967
4, 954
986, 20
986, 979
991, 15
991, 984
979, 2
17, 13
979, 997
17, 986
985, 2
985, 997
