472, 111
472, 888
472, 222
472, 777
394, 33
394, 966
550, 33
550, 966
550, 300
550, 699
582, 111
582, 888
660, 966
660, 33
472, 378
472, 621
582, 777
582, 222
504, 699
504, 300
472, 332
472, 667
394, 300
394, 699
504, 966
504, 33
550, 189
550, 810
394, 189
394, 810
504, 588
504, 411
283, 966
283, 33
472, 556
472, 443
550, 855
550, 144
394, 855
394, 144
550, 411
550, 588
316, 111
316, 888
361, 111
361, 888
660, 189
660, 810
504, 189
504, 810
628, 111
628, 888
738, 111
738, 888
771, 33
771, 966
472, 731
472, 268
660, 855
660, 144
394, 920
394, 79
205, 111
205, 888
504, 855
504, 144
582, 378
582, 621
660, 300
660, 699
550, 79
550, 920
440, 33
440, 966
582, 332
582, 667
361, 777
361, 222
628, 222
628, 777
440, 300
440, 699
660, 79
660, 920
426, 111
426, 888
472, 933
472, 66
283, 810
283, 189
849, 111
849, 888
316, 777
316, 222
693, 111
693, 888
582, 732
582, 267
127, 966
127, 33
927, 33
927, 966
472, 490
472, 509
426, 777
426, 222
504, 920
504, 79
283, 855
283, 144
440, 189
440, 810
173, 33
173, 966
582, 933
582, 66
550, 745
550, 254
816, 966
816, 33
283, 920
283, 79
738, 222
738, 777
17, 966
17, 33
238, 966
238, 33
95, 111
95, 888
771, 189
771, 810
504, 476
504, 523
440, 144
440, 855
394, 254
394, 745
615, 33
615, 966
394, 589
394, 410
504, 254
504, 745
283, 699
283, 300
472, 157
472, 842
205, 777
205, 222
693, 777
693, 222
706, 33
706, 966
771, 855
771, 144
440, 410
440, 589
771, 79
771, 920
518, 111
518, 888
518, 222
518, 777
426, 621
426, 378
440, 920
440, 79
316, 933
316, 66
361, 732
361, 267
251, 888
251, 111
426, 332
426, 667
582, 842
582, 157
362, 66
362, 933
628, 267
628, 732
316, 267
316, 732
849, 777
849, 222
738, 933
738, 66
628, 933
628, 66
205, 933
205, 66
127, 810
127, 189
615, 189
615, 810
660, 745
660, 254
615, 300
615, 699
927, 189
927, 810
362, 332
362, 667
628, 667
628, 332
127, 79
127, 920
881, 966
881, 33
927, 920
927, 79
518, 378
518, 621
628, 378
628, 621
959, 888
959, 111
362, 378
362, 621
238, 189
238, 810
173, 189
173, 810
738, 267
738, 732
550, 653
550, 346
816, 810
816, 189
849, 66
849, 933
348, 966
348, 33
426, 268
426, 731
518, 332
518, 667
127, 855
127, 144
472, 176
472, 823
771, 699
771, 300
927, 855
927, 144
615, 855
615, 144
550, 456
550, 543
49, 111
49, 888
173, 79
173, 920
17, 189
17, 810
817, 79
817, 920
518, 443
518, 556
17, 79
17, 920
440, 745
440, 254
706, 810
706, 189
173, 144
173, 855
238, 144
238, 855
205, 732
205, 267
816, 855
816, 144
238, 79
238, 920
394, 345
394, 654
504, 653
504, 346
693, 66
693, 933
95, 222
95, 777
329, 966
329, 33
426, 66
426, 933
17, 855
17, 144
316, 157
316, 842
362, 157
362, 842
316, 332
316, 667
693, 732
693, 267
537, 111
537, 888
615, 920
615, 79
706, 855
706, 144
582, 823
582, 176
95, 933
95, 66
316, 621
316, 378
550, 634
550, 365
628, 157
628, 842
504, 365
504, 634
738, 157
738, 842
849, 732
849, 267
251, 222
251, 777
537, 222
537, 777
706, 920
706, 79
895, 111
895, 888
283, 745
283, 254
205, 842
205, 157
518, 731
518, 268
660, 589
660, 410
504, 542
504, 457
348, 189
348, 810
660, 345
660, 654
706, 300
706, 699
238, 300
238, 699
582, 556
582, 443
849, 842
849, 157
127, 699
127, 300
803, 111
803, 888
160, 111
160, 888
927, 699
927, 300
738, 667
738, 332
426, 157
426, 842
596, 33
596, 966
348, 855
348, 144
348, 300
348, 699
173, 300
173, 699
816, 699
816, 300
329, 810
329, 189
881, 189
881, 810
693, 157
693, 842
537, 378
537, 621
95, 267
95, 732
738, 378
738, 621
881, 920
881, 79
959, 777
959, 222
518, 934
518, 65
693, 332
693, 667
63, 33
63, 966
440, 346
440, 653
537, 332
537, 667
251, 66
251, 933
348, 79
348, 920
959, 933
959, 66
17, 300
17, 699
881, 855
881, 144
394, 764
394, 235
362, 176
362, 823
693, 378
693, 621
49, 777
49, 222
329, 855
329, 144
518, 490
518, 509
771, 745
771, 254
550, 235
550, 764
205, 667
205, 332
394, 365
394, 634
95, 157
95, 842
394, 456
394, 543
283, 345
283, 654
316, 176
316, 823
49, 933
49, 66
628, 176
628, 823
615, 254
615, 745
205, 378
205, 621
440, 456
440, 543
596, 300
596, 699
784, 111
784, 888
329, 300
329, 699
329, 920
329, 79
472, 47
472, 952
251, 267
251, 732
596, 189
596, 810
660, 235
660, 764
407, 111
407, 888
738, 176
738, 823
725, 33
725, 966
615, 589
615, 410
283, 410
283, 589
504, 764
504, 235
849, 332
849, 667
895, 222
895, 777
849, 378
849, 621
426, 176
426, 823
426, 443
426, 556
537, 443
537, 556
582, 47
582, 952
518, 157
518, 842
537, 268
537, 731
959, 732
959, 267
973, 33
973, 966
205, 176
205, 823
596, 144
596, 855
440, 634
440, 365
550, 523
550, 476
407, 222
407, 777
895, 66
895, 933
771, 345
771, 654
803, 777
803, 222
251, 157
251, 842
49, 267
49, 732
160, 777
160, 222
127, 745
127, 254
283, 764
283, 235
205, 953
205, 46
959, 842
959, 157
927, 745
927, 254
693, 176
693, 823
394, 98
394, 901
238, 254
238, 745
849, 953
849, 46
459, 966
459, 33
849, 176
849, 823
596, 920
596, 79
459, 699
459, 300
881, 300
881, 699
550, 901
550, 98
738, 46
738, 953
706, 745
706, 254
472, 287
472, 712
817, 254
817, 745
270, 111
270, 888
173, 745
173, 254
536, 934
536, 65
537, 509
537, 490
316, 46
316, 953
95, 378
95, 621
49, 842
49, 157
95, 667
95, 332
17, 255
17, 744
63, 79
63, 920
63, 189
63, 810
362, 47
362, 952
660, 901
660, 98
803, 933
803, 66
660, 544
660, 455
160, 933
160, 66
660, 365
660, 634
927, 345
927, 654
348, 254
348, 745
472, 424
472, 575
771, 589
771, 410
95, 953
95, 46
141, 111
141, 888
784, 222
784, 777
992, 966
992, 33
127, 654
127, 345
440, 235
440, 764
518, 823
518, 176
615, 345
615, 654
771, 764
771, 235
251, 332
251, 667
895, 267
895, 732
63, 144
63, 855
504, 901
504, 98
725, 810
725, 189
628, 952
628, 47
82, 966
82, 33
17, 345
17, 654
582, 576
582, 423
459, 189
459, 810
95, 176
95, 823
251, 378
251, 621
459, 411
459, 588
927, 765
927, 234
173, 654
173, 345
895, 157
895, 842
817, 345
817, 654
17, 234
17, 765
582, 712
582, 287
238, 345
238, 654
725, 144
725, 855
582, 511
582, 488
283, 98
283, 901
725, 79
725, 920
329, 745
329, 254
803, 732
803, 267
927, 410
927, 589
127, 765
127, 234
693, 953
693, 46
459, 855
459, 144
537, 157
537, 842
160, 732
160, 267
596, 745
596, 254
407, 378
407, 621
407, 667
407, 332
973, 79
973, 920
784, 66
784, 933
959, 378
959, 621
127, 410
127, 589
17, 588
17, 411
596, 410
596, 589
706, 345
706, 654
283, 455
283, 544
959, 666
959, 333
973, 189
973, 810
426, 952
426, 47
959, 953
959, 46
270, 777
270, 222
251, 176
251, 823
803, 842
803, 157
407, 731
407, 268
49, 378
49, 621
647, 888
647, 111
817, 235
817, 764
973, 144
973, 855
674, 111
674, 888
173, 764
173, 235
49, 332
49, 667
173, 410
173, 589
160, 842
160, 157
628, 556
628, 443
771, 98
771, 901
49, 953
49, 46
881, 745
881, 254
283, 365
283, 634
238, 410
238, 589
362, 443
362, 556
817, 410
817, 589
485, 699
485, 300
440, 98
440, 901
348, 589
348, 410
862, 33
862, 966
706, 410
706, 589
725, 699
725, 300
219, 33
219, 966
472, 313
472, 686
407, 65
407, 934
459, 79
459, 920
485, 33
485, 966
959, 176
959, 823
238, 764
238, 235
362, 423
362, 576
784, 267
784, 732
927, 455
927, 544
771, 544
771, 455
17, 455
17, 544
348, 345
348, 654
316, 576
316, 423
485, 411
485, 588
628, 423
628, 576
615, 764
615, 235
63, 300
63, 699
849, 422
849, 577
205, 422
205, 577
49, 823
49, 176
927, 901
927, 98
582, 313
582, 686
141, 222
141, 777
251, 953
251, 46
127, 901
127, 98
127, 544
127, 455
738, 423
738, 576
706, 235
706, 764
536, 823
536, 176
992, 79
992, 920
316, 443
316, 556
394, 124
394, 875
992, 189
992, 810
472, 602
472, 397
881, 654
881, 345
895, 332
895, 667
660, 875
660, 124
784, 842
784, 157
647, 222
647, 777
895, 378
895, 621
82, 810
82, 189
615, 634
615, 365
17, 900
17, 99
82, 920
82, 79
270, 65
270, 934
518, 47
518, 952
849, 444
849, 555
95, 422
95, 577
550, 125
550, 874
205, 555
205, 444
362, 287
362, 712
329, 345
329, 654
485, 189
485, 810
426, 488
426, 511
771, 634
771, 365
141, 66
141, 933
992, 855
992, 144
817, 98
817, 901
615, 543
615, 456
329, 589
329, 410
895, 46
895, 953
674, 222
674, 777
458, 254
458, 745
738, 556
738, 443
173, 98
173, 901
628, 712
628, 287
849, 312
849, 687
849, 488
849, 511
205, 687
205, 312
17, 366
17, 633
927, 366
927, 633
82, 855
82, 144
283, 875
283, 124
426, 424
426, 575
472, 20
472, 979
205, 488
205, 511
596, 653
596, 346
316, 287
316, 712
895, 176
895, 823
803, 667
803, 332
95, 444
95, 555
173, 455
173, 544
927, 124
927, 875
407, 842
407, 157
914, 888
914, 111
426, 712
426, 287
270, 732
270, 267
238, 98
238, 901
17, 124
17, 875
881, 765
881, 234
816, 544
816, 455
803, 621
803, 378
485, 855
485, 144
738, 488
738, 511
160, 667
160, 332
504, 874
504, 125
738, 687
738, 312
973, 300
973, 699
95, 488
95, 511
771, 875
771, 124
95, 312
95, 687
316, 488
316, 511
160, 621
160, 378
17, 499
693, 423
693, 576
348, 764
348, 235
362, 686
362, 313
316, 686
316, 313
881, 589
881, 410
127, 124
127, 875
927, 499
17, 477
17, 522
127, 634
127, 365
738, 712
738, 287
582, 20
582, 979
361, 488
361, 511
394, 500
927, 522
927, 477
615, 98
615, 901
959, 422
959, 577
238, 544
238, 455
205, 287
205, 712
192, 33
192, 966
660, 499
628, 511
628, 488
803, 176
803, 823
381, 111
381, 888
219, 810
219, 189
628, 686
628, 313
440, 476
440, 523
706, 901
706, 98
693, 443
693, 556
141, 267
141, 732
219, 920
219, 79
270, 157
270, 842
849, 287
849, 712
862, 189
862, 810
283, 500
160, 823
160, 176
862, 79
862, 920
518, 286
518, 713
784, 332
784, 667
63, 745
63, 254
329, 235
329, 764
485, 920
485, 79
959, 444
959, 555
725, 745
725, 254
173, 634
173, 365
160, 953
160, 46
127, 500
49, 577
49, 422
817, 634
817, 365
141, 157
141, 842
803, 953
803, 46
219, 855
219, 144
784, 378
784, 621
173, 124
173, 875
771, 499
17, 389
17, 610
127, 477
127, 522
660, 477
660, 522
959, 511
959, 488
817, 124
817, 875
849, 533
849, 466
959, 687
959, 312
674, 934
674, 65
862, 855
862, 144
238, 634
238, 365
706, 455
706, 544
283, 477
283, 522
693, 712
693, 287
458, 653
458, 346
205, 979
205, 20
927, 389
927, 610
394, 477
394, 522
440, 125
440, 874
881, 901
881, 98
647, 65
647, 934
992, 699
992, 300
381, 222
381, 777
536, 952
536, 47
49, 555
49, 444
95, 466
95, 533
316, 20
316, 979
771, 477
771, 522
738, 979
738, 20
362, 979
362, 20
95, 287
95, 712
849, 979
849, 20
407, 823
407, 176
881, 455
881, 544
518, 575
518, 424
706, 634
706, 365
693, 511
693, 488
394, 209
394, 790
205, 533
205, 466
82, 699
82, 300
693, 686
693, 313
550, 209
550, 790
63, 345
63, 654
647, 732
647, 267
426, 686
426, 313
49, 488
49, 511
569, 966
569, 33
49, 312
49, 687
784, 823
784, 176
348, 901
348, 98
674, 267
674, 732
270, 332
270, 667
485, 745
485, 254
485, 523
485, 476
596, 235
596, 764
628, 979
628, 20
348, 634
348, 365
458, 542
458, 457
173, 499
238, 124
238, 875
17, 433
17, 566
297, 888
297, 111
596, 634
596, 365
836, 966
836, 33
569, 699
569, 300
660, 790
660, 209
596, 456
596, 543
251, 423
251, 576
817, 499
973, 254
973, 745
173, 477
173, 522
63, 234
63, 765
127, 610
127, 389
270, 378
270, 621
95, 20
95, 979
348, 455
348, 544
959, 466
959, 533
4, 888
4, 111
647, 332
647, 667
504, 208
504, 791
784, 46
784, 953
927, 566
927, 433
582, 601
582, 398
914, 777
914, 222
738, 467
738, 532
817, 477
817, 522
329, 901
329, 98
458, 635
458, 364
959, 288
959, 711
895, 422
895, 577
881, 875
881, 124
219, 300
219, 699
63, 410
63, 589
647, 621
647, 378
725, 654
725, 345
251, 443
251, 556
192, 189
192, 810
881, 634
881, 365
914, 933
914, 66
674, 157
674, 842
693, 20
693, 979
459, 523
459, 476
49, 533
49, 466
569, 189
569, 810
192, 79
192, 920
849, 600
849, 399
283, 609
283, 390
973, 345
973, 654
647, 157
647, 842
660, 609
660, 390
674, 332
674, 667
95, 399
95, 600
426, 20
426, 979
329, 634
329, 365
536, 713
536, 286
771, 390
771, 609
752, 33
752, 966
270, 176
270, 823
329, 455
329, 544
283, 790
283, 209
238, 499
895, 555
895, 444
49, 711
49, 288
141, 332
141, 667
862, 300
862, 699
251, 312
251, 687
563, 111
563, 888
706, 124
706, 875
251, 488
251, 511
614, 874
614, 125
316, 467
316, 532
192, 144
192, 855
895, 312
895, 687
30, 111
30, 888
141, 378
141, 621
973, 234
973, 765
895, 488
895, 511
17, 210
17, 789
251, 287
251, 712
959, 979
959, 20
205, 600
205, 399
238, 477
238, 522
674, 378
674, 621
849, 797
849, 202
518, 313
518, 686
569, 855
569, 144
881, 499
127, 433
127, 566
596, 98
596, 901
518, 602
518, 397
173, 610
173, 389
563, 777
563, 222
205, 797
205, 202
141, 176
141, 823
536, 424
536, 575
725, 410
725, 589
927, 210
927, 789
407, 556
407, 443
63, 98
63, 901
141, 46
141, 953
881, 477
881, 522
725, 764
725, 235
440, 499
992, 254
992, 745
380, 65
380, 934
297, 222
297, 777
959, 600
959, 399
95, 201
95, 798
472, 796
472, 203
485, 346
485, 653
771, 209
771, 790
440, 208
440, 791
817, 389
817, 610
49, 979
49, 20
63, 455
63, 544
380, 268
380, 731
973, 410
973, 589
407, 47
407, 952
82, 745
82, 254
550, 499
394, 391
394, 608
160, 577
160, 422
381, 332
381, 667
569, 79
569, 920
127, 209
127, 790
914, 732
914, 267
738, 797
738, 202
582, 797
582, 202
270, 47
270, 952
992, 654
992, 345
381, 621
381, 378
49, 399
49, 600
251, 979
251, 20
458, 764
458, 235
738, 399
738, 600
940, 888
940, 111
17, 13
17, 986
803, 422
803, 577
569, 410
569, 589
913, 157
913, 842
895, 287
895, 712
959, 201
959, 798
706, 499
316, 797
316, 202
693, 467
693, 532
836, 189
836, 810
361, 467
361, 532
927, 13
927, 986
348, 125
348, 874
485, 542
485, 457
426, 602
426, 397
160, 555
160, 444
518, 979
518, 20
992, 765
992, 234
485, 634
485, 365
836, 920
836, 79
63, 124
63, 875
394, 14
394, 985
17, 278
17, 721
771, 433
771, 566
881, 610
881, 389
895, 466
895, 533
82, 654
82, 345
660, 985
660, 14
160, 687
160, 312
219, 254
219, 745
674, 823
674, 176
973, 98
973, 901
647, 176
647, 823
17, 678
17, 321
4, 777
4, 222
895, 979
895, 20
973, 455
973, 544
817, 209
817, 790
173, 209
173, 790
160, 488
160, 511
173, 566
173, 433
192, 699
192, 300
297, 65
297, 934
803, 555
803, 444
4, 933
4, 66
238, 390
238, 609
63, 366
63, 633
316, 601
316, 398
563, 378
563, 621
836, 855
836, 144
706, 477
706, 522
49, 201
49, 798
362, 202
362, 797
362, 601
362, 398
550, 985
550, 14
563, 667
563, 332
803, 687
803, 312
615, 499
725, 98
725, 901
628, 467
628, 532
992, 411
992, 588
752, 810
752, 189
927, 279
927, 720
817, 433
817, 566
283, 14
283, 985
628, 601
628, 398
803, 511
803, 488
127, 13
127, 986
927, 321
927, 678
329, 874
329, 125
752, 79
752, 920
862, 745
862, 254
569, 254
569, 745
82, 765
82, 234
550, 608
550, 391
380, 157
380, 842
283, 433
283, 566
95, 356
95, 643
63, 499
628, 202
628, 797
251, 467
251, 532
238, 209
238, 790
771, 14
771, 985
536, 314
536, 685
375, 33
375, 966
752, 855
752, 144
63, 522
63, 477
973, 124
973, 875
303, 966
303, 33
849, 643
849, 356
784, 422
784, 577
82, 410
82, 589
803, 712
803, 287
30, 222
30, 777
563, 731
563, 268
693, 202
693, 797
108, 33
108, 966
160, 287
160, 712
458, 98
458, 901
504, 985
504, 14
297, 267
297, 732
614, 791
614, 208
30, 66
30, 933
959, 643
959, 356
881, 433
881, 566
973, 366
973, 633
992, 544
992, 455
615, 477
615, 522
674, 47
674, 952
472, 868
472, 131
596, 125
596, 874
536, 602
536, 397
127, 720
127, 279
758, 888
758, 111
407, 423
407, 576
895, 399
895, 600
803, 20
803, 979
991, 901
991, 98
817, 985
817, 14
725, 455
725, 544
4, 732
4, 267
784, 444
784, 555
159, 20
159, 979
408, 286
408, 713
563, 65
563, 934
173, 14
173, 985
693, 601
693, 398
706, 790
706, 209
582, 467
582, 532
973, 499
127, 678
127, 321
881, 790
881, 209
219, 345
219, 654
491, 111
491, 888
706, 390
706, 609
862, 345
862, 654
647, 952
647, 47
784, 312
784, 687
160, 533
160, 466
348, 499
49, 643
49, 356
725, 634
725, 365
63, 389
63, 610
973, 477
973, 522
297, 157
297, 842
3, 842
3, 157
914, 332
914, 667
914, 621
914, 378
895, 202
895, 797
491, 777
491, 222
81, 98
81, 901
784, 488
784, 511
426, 796
426, 203
582, 868
582, 131
660, 433
660, 566
913, 953
913, 46
536, 20
536, 979
205, 643
205, 356
114, 888
114, 111
836, 300
836, 699
238, 433
238, 566
940, 222
940, 777
550, 680
550, 319
329, 499
913, 823
913, 176
219, 235
219, 764
251, 202
251, 797
485, 235
485, 764
82, 544
82, 455
752, 300
752, 699
504, 608
504, 391
141, 422
141, 577
380, 823
380, 176
784, 712
784, 287
375, 189
375, 810
849, 868
849, 131
940, 66
940, 933
440, 14
440, 985
192, 254
192, 745
205, 868
205, 131
992, 366
992, 633
803, 533
803, 466
991, 124
991, 875
862, 235
862, 764
95, 867
95, 132
375, 699
375, 300
504, 680
504, 319
348, 477
348, 522
569, 653
569, 346
30, 267
30, 732
394, 679
394, 320
440, 391
440, 608
251, 399
251, 600
297, 332
297, 667
238, 14
238, 985
491, 621
491, 378
973, 389
973, 610
771, 279
771, 720
491, 667
491, 332
375, 143
375, 856
303, 189
303, 810
738, 868
738, 131
491, 443
491, 556
407, 488
407, 511
30, 157
30, 842
725, 874
725, 125
329, 477
329, 522
219, 410
219, 589
862, 410
862, 589
992, 499
141, 444
141, 555
141, 312
141, 687
270, 423
270, 576
881, 985
881, 14
316, 868
316, 131
63, 433
63, 566
173, 279
173, 720
784, 979
784, 20
348, 790
348, 209
660, 320
660, 679
992, 522
992, 477
771, 678
771, 321
362, 868
362, 131
141, 488
141, 511
375, 920
375, 79
817, 279
817, 720
81, 875
81, 124
959, 867
959, 132
297, 378
297, 621
173, 321
173, 678
407, 686
407, 313
283, 720
283, 279
563, 157
563, 842
303, 855
303, 144
518, 203
518, 796
283, 679
283, 320
303, 79
303, 920
82, 366
82, 633
108, 79
108, 920
219, 901
219, 98
160, 600
160, 399
270, 443
270, 556
458, 874
458, 125
758, 777
758, 222
614, 608
614, 391
817, 678
817, 321
660, 719
660, 280
628, 868
628, 131
329, 790
329, 209
108, 189
108, 810
486, 97
486, 902
63, 209
63, 790
862, 98
862, 901
973, 433
973, 566
706, 985
706, 14
270, 686
270, 313
940, 267
940, 732
738, 356
738, 643
380, 952
380, 47
3, 953
3, 46
49, 867
49, 132
641, 33
641, 966
160, 797
160, 202
849, 91
849, 908
141, 287
141, 712
992, 389
992, 610
95, 91
95, 908
881, 279
881, 720
491, 268
491, 731
270, 712
270, 287
192, 654
192, 345
803, 202
803, 797
17, 832
17, 167
940, 157
940, 842
297, 823
297, 176
141, 979
141, 20
596, 791
596, 208
4, 378
4, 621
784, 466
784, 533
569, 543
569, 456
82, 499
504, 430
504, 569
563, 443
563, 556
614, 14
614, 985
303, 699
303, 300
4, 667
4, 332
108, 855
108, 144
95, 755
95, 244
895, 356
895, 643
394, 280
394, 719
881, 678
881, 321
348, 609
348, 390
803, 600
803, 399
82, 477
82, 522
270, 488
270, 511
835, 254
835, 745
440, 319
440, 680
757, 65
757, 934
205, 91
205, 908
693, 131
693, 868
408, 19
408, 980
959, 755
959, 244
3, 176
3, 823
329, 390
329, 609
192, 764
192, 235
596, 499
862, 455
862, 544
752, 745
752, 254
959, 908
959, 91
569, 364
569, 635
849, 755
849, 244
725, 499
270, 20
270, 979
394, 567
394, 432
114, 777
114, 222
63, 985
63, 14
426, 869
426, 130
491, 65
491, 934
706, 433
706, 566
141, 466
141, 533
973, 209
973, 790
992, 566
992, 433
927, 167
927, 832
563, 823
563, 176
238, 720
238, 279
30, 46
30, 953
680, 966
680, 33
297, 47
297, 952
114, 934
114, 65
647, 576
647, 423
49, 908
49, 91
647, 556
647, 443
674, 423
674, 576
830, 111
830, 888
49, 755
49, 244
30, 378
30, 621
30, 332
30, 667
192, 410
192, 589
219, 455
219, 544
725, 477
725, 522
17, 944
17, 55
238, 678
238, 321
550, 280
550, 719
914, 577
914, 422
536, 796
536, 203
472, 92
472, 907
82, 610
82, 389
375, 745
375, 254
862, 124
862, 875
738, 908
738, 91
596, 476
596, 523
348, 14
348, 985
569, 764
569, 235
946, 966
946, 33
641, 189
641, 810
862, 365
862, 634
63, 279
63, 720
491, 490
491, 509
647, 286
647, 713
674, 556
674, 443
784, 797
784, 202
30, 176
30, 823
550, 568
550, 431
219, 634
219, 365
452, 111
452, 888
674, 713
674, 286
895, 131
895, 868
973, 986
973, 13
219, 874
219, 125
582, 907
582, 92
927, 945
927, 54
458, 791
458, 208
758, 732
758, 267
192, 901
192, 98
914, 444
914, 555
251, 868
251, 131
836, 654
836, 345
186, 111
186, 888
674, 313
674, 686
63, 321
63, 678
205, 755
205, 244
641, 699
641, 300
784, 399
784, 600
518, 869
518, 130
452, 222
452, 777
914, 687
914, 312
316, 643
316, 356
329, 985
329, 14
641, 855
641, 144
914, 511
914, 488
316, 91
316, 908
835, 764
835, 235
426, 468
426, 531
647, 313
647, 686
757, 842
757, 157
992, 789
992, 210
108, 300
108, 699
141, 202
141, 797
486, 125
486, 874
940, 46
940, 953
973, 720
973, 279
641, 79
641, 920
940, 332
940, 667
504, 719
504, 280
725, 209
725, 790
362, 92
362, 907
940, 378
940, 621
725, 390
725, 609
114, 732
114, 267
82, 433
82, 566
141, 399
141, 600
127, 167
127, 832
114, 842
114, 157
752, 345
752, 654
862, 499
491, 157
491, 842
973, 678
973, 321
160, 643
160, 356
381, 443
381, 556
127, 945
127, 54
940, 176
940, 823
680, 189
680, 810
568, 97
568, 902
564, 47
564, 952
862, 477
862, 522
380, 286
380, 713
4, 422
4, 577
302, 745
302, 254
674, 979
674, 20
752, 235
752, 764
251, 356
251, 643
991, 985
991, 14
270, 467
270, 532
375, 410
375, 589
895, 91
895, 908
913, 979
913, 20
836, 410
836, 589
596, 391
596, 608
628, 92
628, 907
706, 320
706, 679
646, 980
646, 19
693, 356
693, 643
913, 712
913, 287
394, 53
394, 946
614, 680
614, 319
706, 280
706, 719
81, 790
81, 209
408, 397
408, 602
674, 511
674, 488
660, 946
660, 53
452, 621
452, 378
192, 455
192, 544
647, 488
647, 511
835, 901
835, 98
453, 332
453, 667
4, 555
4, 444
738, 243
738, 756
596, 985
596, 14
680, 855
680, 144
414, 966
414, 33
440, 281
440, 718
914, 466
914, 533
693, 91
693, 908
680, 79
680, 920
36, 966
36, 33
375, 653
375, 346
550, 946
550, 53
159, 868
159, 131
381, 576
381, 423
4, 488
4, 511
4, 687
4, 312
992, 279
992, 720
283, 946
283, 53
830, 222
830, 777
830, 65
830, 934
752, 589
752, 410
408, 203
408, 796
803, 131
803, 868
771, 54
771, 945
81, 14
81, 985
225, 111
225, 888
803, 643
803, 356
992, 678
992, 321
219, 500
946, 920
946, 79
536, 869
536, 130
895, 244
895, 755
270, 202
270, 797
192, 124
192, 875
192, 634
192, 365
472, 242
472, 757
680, 699
680, 300
758, 667
758, 332
491, 823
491, 176
862, 389
862, 610
453, 731
453, 268
725, 14
725, 985
219, 477
219, 522
30, 577
30, 422
946, 810
946, 189
414, 300
414, 699
173, 54
173, 945
486, 208
486, 791
752, 901
752, 98
186, 222
186, 777
426, 92
426, 907
251, 908
251, 91
563, 488
563, 511
817, 54
817, 945
582, 242
582, 757
108, 254
108, 745
173, 168
173, 831
504, 53
504, 946
771, 831
771, 168
758, 621
758, 378
380, 313
380, 686
329, 433
329, 566
440, 568
440, 431
564, 286
564, 713
361, 356
361, 643
316, 243
316, 756
757, 176
757, 823
946, 855
946, 144
453, 934
453, 65
757, 47
757, 952
30, 444
30, 555
414, 810
414, 189
614, 718
614, 281
817, 168
817, 831
4, 466
4, 533
186, 934
186, 65
30, 312
30, 687
3, 979
3, 20
641, 745
641, 254
836, 544
836, 455
348, 566
348, 433
835, 874
835, 125
3, 712
3, 287
30, 488
30, 511
380, 980
380, 19
270, 601
270, 398
348, 320
348, 679
114, 332
114, 667
913, 797
913, 202
881, 831
881, 168
914, 399
914, 600
303, 345
303, 654
283, 831
283, 168
114, 952
114, 47
413, 856
413, 143
114, 176
114, 823
219, 390
219, 609
784, 131
784, 868
82, 720
82, 279
881, 945
881, 54
114, 621
114, 378
615, 567
615, 432
297, 423
297, 576
362, 242
362, 757
375, 764
375, 235
862, 209
862, 790
160, 908
160, 91
458, 984
458, 15
628, 357
628, 642
568, 126
568, 873
564, 575
564, 424
830, 157
830, 842
348, 719
348, 280
862, 433
862, 566
725, 433
725, 566
141, 356
141, 643
264, 33
264, 966
453, 443
453, 556
329, 320
329, 679
830, 267
830, 732
82, 678
82, 321
219, 209
219, 790
452, 489
452, 510
108, 345
108, 654
192, 499
835, 634
835, 365
784, 356
784, 643
297, 313
297, 686
940, 577
940, 422
660, 831
660, 168
302, 764
302, 235
303, 589
303, 410
381, 511
381, 488
803, 91
803, 908
297, 286
297, 713
413, 920
413, 79
602, 888
602, 111
440, 53
440, 946
36, 920
36, 79
238, 54
238, 945
329, 280
329, 719
628, 242
628, 757
582, 642
582, 357
693, 243
693, 756
518, 92
518, 907
297, 443
297, 556
141, 131
141, 868
192, 477
192, 522
596, 319
596, 680
674, 796
674, 203
225, 777
225, 222
458, 392
458, 607
108, 235
108, 764
752, 874
752, 125
863, 985
863, 14
408, 869
408, 130
30, 466
30, 533
491, 952
491, 47
30, 287
30, 712
4, 600
4, 399
298, 19
298, 980
940, 444
940, 555
940, 312
940, 687
36, 810
36, 189
186, 267
186, 732
31, 20
31, 979
752, 455
752, 544
376, 902
376, 97
564, 314
564, 685
63, 168
63, 831
394, 168
394, 831
251, 243
251, 756
646, 796
646, 203
752, 634
752, 365
186, 842
186, 157
940, 488
940, 511
219, 985
219, 14
3, 797
3, 202
602, 777
602, 222
375, 364
375, 635
160, 755
160, 244
674, 467
674, 532
453, 157
453, 842
907, 33
907, 966
680, 745
680, 254
530, 300
530, 699
302, 97
302, 902
238, 168
238, 831
530, 33
530, 966
224, 65
224, 934
36, 855
36, 144
472, 465
472, 534
946, 699
946, 300
868, 888
868, 111
108, 410
108, 589
718, 888
718, 111
407, 467
407, 532
63, 54
63, 945
641, 410
641, 589
973, 167
973, 832
836, 499
706, 53
706, 946
192, 390
192, 609
458, 681
458, 318
564, 19
564, 980
568, 207
568, 792
297, 488
297, 511
490, 713
490, 286
426, 758
426, 241
270, 868
270, 131
641, 653
641, 346
108, 98
108, 901
472, 357
472, 642
413, 254
413, 745
614, 52
614, 947
414, 589
414, 410
647, 467
647, 532
836, 477
836, 522
550, 830
550, 169
486, 15
486, 984
725, 719
725, 280
529, 411
529, 588
784, 908
784, 91
941, 979
941, 20
940, 287
940, 712
219, 566
219, 433
973, 54
973, 945
803, 243
803, 756
30, 399
30, 600
674, 398
674, 601
830, 47
830, 952
375, 456
375, 543
264, 189
264, 810
141, 91
141, 908
914, 643
914, 356
192, 209
192, 790
725, 679
725, 320
490, 425
490, 574
940, 466
940, 533
536, 93
536, 906
647, 601
647, 398
530, 189
530, 810
992, 832
992, 167
596, 281
596, 718
830, 332
830, 667
264, 79
264, 920
453, 175
453, 824
830, 176
830, 823
379, 204
379, 795
862, 279
862, 720
30, 202
30, 797
264, 856
264, 143
487, 393
487, 606
225, 732
225, 267
376, 873
376, 126
569, 523
569, 476
191, 984
191, 15
487, 317
487, 682
108, 455
108, 544
642, 236
642, 763
4, 643
4, 356
830, 378
830, 621
109, 125
109, 874
504, 830
504, 169
518, 241
518, 758
530, 855
530, 144
225, 157
225, 842
862, 321
862, 678
835, 390
835, 609
302, 125
302, 874
946, 745
946, 254
913, 868
913, 131
718, 222
718, 777
187, 47
187, 952
186, 332
186, 667
348, 946
348, 53
602, 268
602, 731
675, 870
675, 129
602, 667
602, 332
646, 129
646, 870
36, 699
36, 300
602, 934
602, 65
564, 396
564, 603
992, 945
992, 54
642, 902
642, 97
835, 790
835, 209
302, 364
302, 635
114, 422
114, 577
680, 654
680, 345
186, 823
186, 176
602, 621
602, 378
337, 111
337, 888
907, 79
907, 920
192, 566
192, 433
330, 52
330, 947
186, 378
186, 621
706, 831
706, 168
303, 455
303, 544
413, 346
413, 653
752, 500
380, 602
380, 397
530, 920
530, 79
868, 934
868, 65
108, 634
108, 365
940, 600
940, 399
835, 985
835, 14
907, 189
907, 810
141, 243
141, 756
454, 951
454, 48
426, 642
426, 357
868, 777
868, 222
297, 203
297, 796
408, 93
408, 906
680, 589
680, 410
114, 687
114, 312
784, 243
784, 756
940, 202
940, 797
264, 300
264, 699
756, 981
756, 18
719, 934
719, 65
147, 966
147, 33
219, 280
219, 719
114, 444
114, 555
270, 907
270, 92
270, 643
270, 356
752, 477
752, 522
457, 282
457, 717
569, 499
440, 830
440, 169
504, 499
757, 686
757, 313
679, 763
679, 236
113, 980
113, 19
758, 423
758, 576
946, 345
946, 654
907, 144
907, 855
791, 966
791, 33
114, 511
114, 488
30, 356
30, 643
752, 791
752, 208
3, 868
3, 131
946, 764
946, 235
913, 907
913, 92
297, 532
297, 467
757, 713
757, 286
82, 832
82, 167
836, 566
836, 433
458, 570
458, 429
679, 97
679, 902
530, 745
530, 254
108, 499
219, 320
219, 679
536, 758
536, 241
596, 947
596, 52
596, 432
596, 567
114, 712
114, 287
758, 443
758, 556
642, 635
642, 364
225, 667
225, 332
81, 946
81, 53
337, 777
337, 222
108, 522
108, 477
752, 390
752, 609
224, 47
224, 952
36, 254
36, 745
602, 157
602, 842
412, 763
412, 236
946, 410
946, 589
225, 378
225, 621
614, 829
614, 170
224, 176
224, 823
868, 842
868, 157
719, 267
719, 732
3, 908
3, 91
946, 901
946, 98
758, 488
758, 511
75, 111
75, 888
381, 467
381, 532
868, 732
868, 267
413, 635
413, 364
724, 52
724, 947
914, 755
914, 244
719, 157
719, 842
641, 456
641, 543
114, 466
114, 533
297, 398
297, 601
192, 719
192, 280
108, 389
108, 610
4, 755
4, 244
518, 463
518, 536
31, 131
31, 868
530, 476
530, 523
264, 254
264, 745
940, 356
940, 643
36, 654
36, 345
348, 830
348, 169
907, 300
907, 699
36, 764
36, 235
601, 175
601, 824
147, 920
147, 79
531, 346
531, 653
413, 543
413, 456
192, 321
192, 678
329, 830
329, 169
148, 810
148, 189
946, 544
946, 455
945, 874
945, 125
791, 189
791, 810
835, 719
835, 280
791, 920
791, 79
114, 797
114, 202
679, 635
679, 364
109, 208
109, 791
31, 92
31, 907
531, 635
531, 364
336, 65
336, 934
830, 576
830, 423
531, 457
531, 542
719, 332
719, 667
148, 855
148, 144
270, 757
270, 242
830, 313
830, 686
518, 358
518, 641
791, 855
791, 144
303, 500
36, 589
36, 410
36, 98
36, 901
108, 566
108, 433
863, 947
863, 52
941, 130
941, 869
114, 600
114, 399
867, 952
867, 47
946, 634
946, 365
337, 732
337, 267
341, 934
341, 65
680, 544
680, 455
835, 679
835, 320
830, 556
830, 443
30, 244
30, 755
758, 467
758, 532
719, 378
719, 621
862, 168
862, 831
303, 522
303, 477
375, 499
830, 287
830, 712
720, 175
720, 824
752, 433
752, 566
725, 830
725, 169
868, 823
868, 176
868, 667
868, 332
984, 888
984, 111
186, 576
186, 423
830, 511
830, 488
518, 647
518, 352
941, 92
941, 907
908, 745
908, 254
946, 499
75, 222
75, 777
264, 345
264, 654
35, 874
35, 125
76, 65
76, 934
187, 313
187, 686
868, 621
868, 378
946, 522
946, 477
536, 359
536, 640
36, 544
36, 455
302, 608
302, 391
337, 667
337, 332
674, 357
674, 642
264, 235
264, 764
186, 443
186, 556
336, 157
336, 842
187, 286
187, 713
375, 476
375, 523
791, 699
791, 300
337, 621
337, 378
752, 280
752, 719
148, 699
148, 300
186, 488
186, 511
408, 359
408, 640
537, 467
537, 532
341, 157
341, 842
36, 634
36, 365
264, 589
264, 410
946, 389
946, 610
908, 235
908, 764
757, 601
757, 398
907, 345
907, 654
108, 279
108, 720
940, 244
940, 755
219, 830
219, 169
752, 320
752, 679
830, 467
830, 532
75, 157
75, 842
75, 267
75, 732
647, 357
647, 642
114, 643
114, 356
36, 499
224, 686
224, 313
108, 321
108, 678
602, 556
602, 443
225, 423
225, 576
36, 477
36, 522
945, 791
945, 208
946, 566
946, 433
907, 589
907, 410
984, 222
984, 777
641, 500
984, 66
984, 933
225, 443
225, 556
186, 467
186, 532
147, 745
147, 254
791, 745
791, 254
36, 610
36, 389
297, 357
297, 642
680, 499
601, 424
601, 575
225, 488
225, 511
830, 600
830, 399
641, 477
641, 522
907, 455
907, 544
680, 477
680, 522
264, 365
264, 634
264, 455
264, 544
868, 576
868, 423
984, 267
984, 732
36, 566
36, 433
985, 157
985, 842
868, 686
868, 313
75, 332
75, 667
76, 823
76, 176
147, 345
147, 654
75, 378
75, 621
303, 433
303, 566
946, 720
946, 279
147, 764
147, 235
186, 399
186, 600
868, 443
868, 556
791, 654
791, 345
908, 365
908, 634
868, 712
868, 287
790, 764
790, 235
868, 511
868, 488
946, 678
946, 321
719, 423
719, 576
225, 467
225, 532
757, 642
757, 357
147, 589
147, 410
114, 243
114, 756
907, 499
719, 556
719, 443
791, 589
791, 410
907, 477
907, 522
602, 511
602, 488
36, 279
36, 720
459, 499
830, 356
830, 643
414, 499
868, 467
868, 532
413, 476
413, 523
984, 378
984, 621
985, 332
985, 667
36, 678
36, 321
985, 176
985, 823
719, 488
719, 511
907, 389
907, 610
264, 499
224, 601
224, 398
148, 455
148, 544
264, 477
264, 522
336, 576
336, 423
75, 422
75, 577
186, 356
186, 643
147, 634
147, 365
375, 432
375, 567
791, 455
791, 544
337, 443
337, 556
868, 600
868, 399
75, 312
75, 687
907, 433
907, 566
75, 444
75, 555
791, 634
791, 365
75, 488
75, 511
680, 433
680, 566
147, 500
984, 577
984, 422
719, 532
719, 467
337, 488
337, 511
148, 477
148, 522
75, 466
75, 533
984, 444
984, 555
985, 312
985, 687
641, 433
641, 566
984, 511
984, 488
791, 499
147, 390
147, 609
791, 477
791, 522
868, 643
868, 356
985, 287
985, 712
984, 533
984, 466
75, 399
75, 600
264, 566
264, 433
791, 390
791, 609
148, 433
148, 566
984, 600
984, 399
337, 532
337, 467
75, 643
75, 356
791, 433
791, 566
984, 356
984, 643
75, 244
75, 755
984, 244
984, 755
