472, 111
472, 888
472, 622
472, 377
472, 267
472, 732
550, 189
550, 810
582, 888
582, 111
394, 189
394, 810
394, 33
394, 966
550, 33
550, 966
660, 966
660, 33
504, 810
504, 189
550, 299
550, 700
472, 221
472, 778
660, 810
660, 189
582, 732
582, 267
504, 499
504, 966
504, 33
504, 455
504, 544
504, 700
504, 299
394, 920
394, 79
394, 700
394, 299
550, 79
550, 920
316, 111
316, 888
472, 423
472, 576
361, 888
361, 111
283, 966
283, 33
628, 111
628, 888
582, 778
582, 221
550, 345
550, 654
738, 888
738, 111
582, 622
582, 377
660, 79
660, 920
504, 345
504, 654
550, 455
550, 544
205, 111
205, 888
283, 810
283, 189
504, 920
504, 79
771, 33
771, 966
472, 842
472, 157
440, 189
440, 810
426, 888
426, 111
849, 888
849, 111
394, 856
394, 143
693, 111
693, 888
550, 143
550, 856
440, 33
440, 966
283, 920
283, 79
660, 299
660, 700
394, 345
394, 654
582, 842
582, 157
362, 267
362, 732
440, 299
440, 700
927, 33
927, 966
127, 966
127, 33
628, 267
628, 732
660, 856
660, 143
771, 189
771, 810
362, 221
362, 778
426, 732
426, 267
504, 856
504, 143
628, 778
628, 221
173, 33
173, 966
316, 732
316, 267
17, 33
17, 966
816, 966
816, 33
316, 221
316, 778
440, 920
440, 79
95, 111
95, 888
771, 79
771, 920
238, 966
238, 33
426, 622
426, 377
472, 65
472, 934
426, 778
426, 221
518, 111
518, 888
440, 345
440, 654
472, 667
472, 332
615, 189
615, 810
615, 33
615, 966
283, 856
283, 143
738, 778
738, 221
518, 377
518, 622
550, 410
550, 589
706, 33
706, 966
283, 699
283, 300
738, 732
738, 267
251, 888
251, 111
362, 157
362, 842
518, 267
518, 732
582, 65
582, 934
205, 777
205, 222
504, 409
504, 590
127, 810
127, 189
316, 157
316, 842
127, 79
127, 920
628, 157
628, 842
238, 189
238, 810
550, 235
550, 764
927, 920
927, 79
927, 189
927, 810
440, 143
440, 856
173, 189
173, 810
660, 345
660, 654
816, 810
816, 189
693, 778
693, 221
693, 732
693, 267
628, 377
628, 622
582, 667
582, 332
173, 79
173, 920
706, 810
706, 189
817, 79
817, 920
362, 377
362, 622
959, 888
959, 111
205, 732
205, 267
394, 764
394, 235
440, 455
440, 544
238, 79
238, 920
771, 143
771, 856
849, 777
849, 222
738, 842
738, 157
394, 589
394, 410
615, 920
615, 79
881, 966
881, 33
549, 499
17, 79
17, 920
504, 764
504, 235
17, 189
17, 810
518, 221
518, 778
426, 842
426, 157
49, 111
49, 888
582, 576
582, 423
615, 299
615, 700
205, 842
205, 157
348, 966
348, 33
706, 920
706, 79
472, 953
472, 46
771, 699
771, 300
316, 65
316, 934
518, 423
518, 576
362, 65
362, 934
849, 267
849, 732
348, 810
348, 189
738, 934
738, 65
537, 111
537, 888
927, 855
927, 144
693, 157
693, 842
205, 934
205, 65
127, 855
127, 144
628, 65
628, 934
329, 966
329, 33
95, 222
95, 777
472, 468
472, 531
316, 622
316, 377
660, 235
660, 764
472, 686
472, 313
849, 842
849, 157
895, 111
895, 888
582, 953
582, 46
849, 66
849, 933
17, 855
17, 144
394, 254
394, 745
537, 622
537, 377
550, 745
550, 254
329, 810
329, 189
173, 144
173, 855
537, 732
537, 267
817, 856
817, 143
615, 143
615, 856
238, 143
238, 856
348, 79
348, 920
518, 157
518, 842
440, 410
440, 589
283, 345
283, 654
362, 667
362, 332
803, 111
803, 888
472, 487
472, 512
394, 455
394, 544
881, 920
881, 79
440, 235
440, 764
95, 267
95, 732
881, 810
881, 189
160, 888
160, 111
628, 667
628, 332
660, 745
660, 254
693, 934
693, 65
426, 934
426, 65
251, 221
251, 778
95, 66
95, 933
660, 589
660, 410
127, 699
127, 300
706, 856
706, 143
316, 667
316, 332
927, 699
927, 300
238, 300
238, 699
95, 156
95, 843
504, 254
504, 745
615, 345
615, 654
329, 920
329, 79
596, 189
596, 810
251, 267
251, 732
738, 378
738, 621
706, 299
706, 700
426, 423
426, 576
173, 300
173, 699
537, 221
537, 778
816, 699
816, 300
316, 46
316, 953
426, 667
426, 332
596, 33
596, 966
362, 46
362, 953
738, 46
738, 953
959, 777
959, 222
283, 764
283, 235
63, 33
63, 966
17, 300
17, 699
348, 299
348, 700
205, 953
205, 46
582, 313
582, 686
693, 622
693, 377
738, 332
738, 667
628, 46
628, 953
784, 888
784, 111
283, 745
283, 254
251, 842
251, 157
205, 378
205, 621
49, 777
49, 222
849, 953
849, 46
348, 856
348, 143
407, 888
407, 111
771, 654
771, 345
959, 66
959, 933
205, 667
205, 332
881, 855
881, 144
596, 920
596, 79
596, 700
596, 299
959, 267
959, 732
472, 823
472, 176
329, 299
329, 700
518, 934
518, 65
537, 576
537, 423
693, 667
693, 332
251, 934
251, 65
849, 378
849, 621
959, 156
959, 843
725, 33
725, 966
49, 933
49, 66
329, 856
329, 143
693, 46
693, 953
771, 765
771, 234
440, 745
440, 254
283, 410
283, 589
771, 745
771, 254
95, 953
95, 46
49, 267
49, 732
849, 332
849, 667
973, 33
973, 966
426, 953
426, 46
518, 331
518, 668
537, 157
537, 842
895, 222
895, 777
49, 843
49, 156
504, 391
504, 608
582, 823
582, 176
394, 875
394, 124
459, 810
459, 189
550, 124
550, 875
615, 764
615, 235
270, 111
270, 888
63, 79
63, 920
407, 267
407, 732
550, 609
550, 390
660, 544
660, 455
881, 699
881, 300
63, 189
63, 810
95, 378
95, 621
725, 810
725, 189
803, 777
803, 222
927, 654
927, 345
459, 499
127, 654
127, 345
660, 124
660, 875
927, 765
927, 234
160, 777
160, 222
596, 143
596, 856
459, 966
459, 33
927, 745
927, 254
615, 589
615, 410
895, 267
895, 732
127, 745
127, 254
628, 423
628, 576
127, 765
127, 234
706, 345
706, 654
95, 667
95, 332
348, 345
348, 654
141, 111
141, 888
895, 934
895, 65
238, 345
238, 654
407, 221
407, 778
459, 299
459, 700
362, 423
362, 576
895, 157
895, 842
426, 313
426, 686
725, 79
725, 920
17, 765
17, 234
17, 345
17, 654
173, 654
173, 345
504, 124
504, 875
771, 589
771, 410
596, 345
596, 654
817, 345
817, 654
518, 531
518, 468
992, 966
992, 33
316, 176
316, 823
17, 745
17, 254
205, 176
205, 823
959, 953
959, 46
803, 732
803, 267
738, 176
738, 823
362, 313
362, 686
173, 745
173, 254
817, 745
817, 254
173, 765
173, 234
362, 176
362, 823
628, 686
628, 313
82, 966
82, 33
817, 765
817, 234
160, 732
160, 267
849, 823
849, 176
251, 378
251, 621
251, 46
251, 953
238, 234
238, 765
803, 842
803, 157
238, 745
238, 254
407, 377
407, 622
518, 46
518, 953
49, 953
49, 46
706, 235
706, 764
283, 124
283, 875
459, 544
459, 455
628, 823
628, 176
973, 79
973, 920
615, 254
615, 745
784, 222
784, 777
459, 79
459, 920
518, 686
518, 313
536, 934
536, 65
63, 144
63, 855
582, 511
582, 488
160, 842
160, 157
803, 65
803, 934
927, 589
927, 410
316, 687
316, 312
459, 345
459, 654
251, 332
251, 667
283, 544
283, 455
329, 654
329, 345
973, 189
973, 810
160, 65
160, 934
959, 378
959, 621
127, 410
127, 589
316, 576
316, 423
17, 410
17, 589
706, 745
706, 254
348, 764
348, 235
537, 667
537, 332
784, 267
784, 732
95, 176
95, 823
959, 332
959, 667
407, 157
407, 842
647, 888
647, 111
674, 888
674, 111
771, 124
771, 875
49, 378
49, 621
738, 312
738, 687
693, 176
693, 823
725, 143
725, 856
394, 390
394, 609
784, 842
784, 157
440, 124
440, 875
485, 189
485, 810
173, 589
173, 410
895, 46
895, 953
49, 667
49, 332
817, 410
817, 589
205, 312
205, 687
238, 589
238, 410
426, 823
426, 176
738, 422
738, 577
205, 422
205, 577
771, 544
771, 455
927, 455
927, 544
582, 442
582, 557
518, 486
518, 513
270, 778
270, 221
849, 577
849, 422
17, 455
17, 544
862, 33
862, 966
615, 455
615, 544
329, 235
329, 764
784, 934
784, 65
219, 33
219, 966
973, 144
973, 855
706, 410
706, 589
927, 124
927, 875
849, 312
849, 687
458, 856
458, 143
472, 202
472, 797
992, 79
992, 920
485, 500
440, 391
440, 608
63, 300
63, 699
881, 654
881, 345
127, 875
127, 124
394, 98
394, 901
725, 700
725, 299
485, 700
485, 299
485, 33
485, 966
881, 745
881, 254
596, 235
596, 764
992, 810
992, 189
82, 920
82, 79
348, 254
348, 745
270, 732
270, 267
127, 544
127, 455
485, 455
485, 544
881, 765
881, 234
82, 810
82, 189
348, 589
348, 410
693, 312
693, 687
17, 124
17, 875
660, 901
660, 98
959, 176
959, 823
95, 422
95, 577
550, 901
550, 98
472, 442
472, 557
895, 378
895, 621
394, 635
394, 364
693, 423
693, 576
660, 365
660, 634
803, 953
803, 46
849, 444
849, 555
817, 124
817, 875
173, 124
173, 875
596, 410
596, 589
895, 332
895, 667
160, 953
160, 46
141, 222
141, 777
95, 687
95, 312
537, 46
537, 953
270, 157
270, 842
205, 555
205, 444
550, 635
550, 364
49, 823
49, 176
582, 797
582, 202
329, 745
329, 254
426, 488
426, 511
849, 488
849, 511
283, 98
283, 901
485, 654
485, 345
407, 934
407, 65
316, 443
316, 556
205, 488
205, 511
537, 487
537, 512
362, 443
362, 556
536, 686
536, 313
173, 455
173, 544
251, 823
251, 176
485, 920
485, 79
738, 556
738, 443
914, 888
914, 111
238, 124
238, 875
95, 444
95, 555
283, 365
283, 634
17, 366
17, 633
816, 544
816, 455
992, 855
992, 144
647, 732
647, 267
628, 443
628, 556
927, 901
927, 98
927, 366
927, 633
738, 511
738, 488
803, 621
803, 378
647, 778
647, 221
329, 589
329, 410
219, 810
219, 189
95, 511
95, 488
771, 98
771, 901
504, 98
504, 901
219, 920
219, 79
660, 609
660, 390
316, 488
316, 511
17, 499
160, 378
160, 621
973, 300
973, 699
17, 901
17, 98
518, 823
518, 176
674, 221
674, 778
141, 267
141, 732
270, 65
270, 934
927, 499
141, 65
141, 934
17, 477
17, 522
881, 410
881, 589
141, 157
141, 842
803, 667
803, 332
615, 124
615, 875
127, 901
127, 98
959, 577
959, 422
361, 488
361, 511
238, 544
238, 455
862, 79
862, 920
394, 499
458, 590
458, 409
381, 111
381, 888
82, 855
82, 144
927, 477
927, 522
674, 267
674, 732
771, 634
771, 365
160, 667
160, 332
862, 189
862, 810
660, 499
407, 667
407, 332
628, 511
628, 488
504, 364
504, 635
706, 124
706, 875
784, 46
784, 953
127, 634
127, 365
895, 176
895, 823
192, 33
192, 966
596, 745
596, 254
959, 687
959, 312
458, 764
458, 235
283, 499
49, 577
49, 422
127, 499
959, 444
959, 555
17, 389
17, 610
706, 544
706, 455
771, 499
596, 455
596, 544
927, 389
927, 610
784, 378
784, 621
127, 522
127, 477
817, 98
817, 901
173, 98
173, 901
362, 202
362, 797
959, 511
959, 488
849, 533
849, 466
426, 442
426, 557
485, 856
485, 143
693, 443
693, 556
49, 687
49, 312
647, 842
647, 157
881, 124
881, 875
674, 842
674, 157
316, 202
316, 797
536, 531
536, 468
251, 312
251, 687
63, 745
63, 254
660, 522
660, 477
283, 477
283, 522
95, 466
95, 533
784, 332
784, 667
63, 345
63, 654
283, 609
283, 390
49, 555
49, 444
771, 477
771, 522
63, 234
63, 765
992, 699
992, 300
628, 202
628, 797
173, 634
173, 365
881, 544
881, 455
440, 98
440, 901
205, 533
205, 466
693, 488
693, 511
738, 797
738, 202
725, 654
725, 345
817, 634
817, 365
205, 202
205, 797
49, 488
49, 511
251, 577
251, 422
219, 143
219, 856
407, 423
407, 576
348, 455
348, 544
569, 810
569, 189
440, 364
440, 635
82, 699
82, 300
348, 124
348, 875
849, 287
849, 712
407, 46
407, 953
394, 14
394, 985
472, 713
472, 286
127, 610
127, 389
205, 287
205, 712
297, 888
297, 111
238, 98
238, 901
173, 499
803, 176
803, 823
849, 797
849, 202
725, 764
725, 235
381, 732
381, 267
17, 433
17, 566
160, 823
160, 176
550, 14
550, 985
862, 143
862, 856
569, 966
569, 33
660, 985
660, 14
817, 499
771, 390
771, 609
173, 477
173, 522
536, 175
536, 824
95, 287
95, 712
141, 953
141, 46
4, 888
4, 111
192, 79
192, 920
426, 797
426, 202
394, 477
394, 522
959, 466
959, 533
270, 378
270, 621
238, 634
238, 365
674, 934
674, 65
738, 467
738, 532
192, 189
192, 810
582, 286
582, 713
381, 778
381, 221
270, 953
270, 46
927, 566
927, 433
836, 966
836, 33
895, 577
895, 422
738, 712
738, 287
329, 124
329, 875
817, 477
817, 522
725, 254
725, 745
647, 65
647, 934
485, 409
485, 590
895, 312
895, 687
973, 254
973, 745
582, 467
582, 532
95, 201
95, 798
647, 622
647, 377
881, 901
881, 98
569, 299
569, 700
63, 589
63, 410
329, 544
329, 455
973, 345
973, 654
973, 234
973, 765
693, 202
693, 797
270, 332
270, 667
458, 253
458, 746
472, 979
472, 20
504, 14
504, 985
49, 533
49, 466
914, 777
914, 222
283, 985
283, 14
316, 532
316, 467
316, 712
316, 287
563, 888
563, 111
219, 300
219, 699
251, 443
251, 556
706, 901
706, 98
569, 79
569, 920
173, 610
173, 389
238, 499
959, 711
959, 288
849, 600
849, 399
927, 986
927, 13
95, 399
95, 600
895, 444
895, 555
881, 634
881, 365
17, 986
17, 13
550, 719
550, 280
30, 111
30, 888
849, 979
849, 20
251, 488
251, 511
205, 979
205, 20
615, 609
615, 390
817, 389
817, 610
582, 20
582, 979
784, 823
784, 176
485, 235
485, 764
862, 300
862, 699
141, 378
141, 621
407, 686
407, 313
895, 488
895, 511
752, 33
752, 966
615, 98
615, 901
362, 286
362, 713
706, 634
706, 365
674, 377
674, 622
881, 499
141, 332
141, 667
127, 566
127, 433
238, 477
238, 522
394, 280
394, 719
913, 934
913, 65
771, 14
771, 985
63, 124
63, 875
596, 125
596, 874
380, 842
380, 157
959, 201
959, 798
95, 20
95, 979
440, 499
127, 986
127, 13
881, 477
881, 522
49, 711
49, 288
738, 979
738, 20
914, 732
914, 267
518, 202
518, 797
504, 719
504, 280
63, 455
63, 544
160, 422
160, 577
614, 635
614, 364
563, 267
563, 732
725, 410
725, 589
160, 312
160, 687
913, 157
913, 842
361, 467
361, 532
959, 600
959, 399
205, 600
205, 399
803, 687
803, 312
973, 410
973, 589
628, 286
628, 713
192, 143
192, 856
316, 20
316, 979
381, 622
381, 377
569, 345
569, 654
992, 765
992, 234
992, 654
992, 345
992, 745
992, 254
803, 422
803, 577
238, 390
238, 609
17, 210
17, 789
440, 985
440, 14
836, 920
836, 79
49, 201
49, 798
836, 810
836, 189
647, 332
647, 667
628, 532
628, 467
362, 979
362, 20
17, 720
17, 279
693, 712
693, 287
693, 467
693, 532
940, 888
940, 111
297, 221
297, 778
563, 377
563, 622
569, 856
569, 143
660, 719
660, 280
881, 610
881, 389
518, 441
518, 558
49, 399
49, 600
674, 332
674, 667
82, 745
82, 254
927, 279
927, 720
817, 985
817, 14
82, 654
82, 345
563, 221
563, 778
706, 499
927, 210
927, 789
82, 765
82, 234
348, 901
348, 98
959, 979
959, 20
251, 202
251, 797
752, 810
752, 189
173, 13
173, 986
674, 46
674, 953
752, 79
752, 920
141, 176
141, 823
771, 433
771, 566
426, 468
426, 531
63, 98
63, 901
160, 555
160, 444
297, 267
297, 732
895, 466
895, 533
628, 979
628, 20
973, 124
973, 875
647, 953
647, 46
407, 823
407, 176
973, 455
973, 544
706, 390
706, 609
160, 488
160, 511
173, 433
173, 566
380, 65
380, 934
426, 713
426, 286
49, 20
49, 979
17, 677
17, 322
270, 823
270, 176
458, 391
458, 608
615, 499
706, 477
706, 522
784, 312
784, 687
4, 777
4, 222
803, 555
803, 444
329, 901
329, 98
992, 410
992, 589
738, 399
738, 600
725, 124
725, 875
95, 356
95, 643
297, 842
297, 157
895, 287
895, 712
817, 433
817, 566
348, 634
348, 365
192, 699
192, 300
127, 720
127, 279
63, 366
63, 633
803, 511
803, 488
693, 20
693, 979
238, 14
238, 985
849, 643
849, 356
283, 433
283, 566
127, 209
127, 790
784, 422
784, 577
251, 532
251, 467
251, 287
251, 712
283, 720
283, 279
486, 253
486, 746
458, 125
458, 874
440, 280
440, 719
63, 500
895, 202
895, 797
913, 953
913, 46
472, 358
472, 641
63, 477
63, 522
329, 634
329, 365
927, 678
927, 321
771, 279
771, 720
835, 856
835, 143
3, 934
3, 65
348, 609
348, 390
219, 235
219, 764
536, 796
536, 203
959, 643
959, 356
973, 98
973, 901
219, 345
219, 654
82, 410
82, 589
596, 391
596, 608
660, 790
660, 209
283, 209
283, 790
771, 209
771, 790
881, 433
881, 566
614, 14
614, 985
563, 157
563, 842
219, 745
219, 254
297, 65
297, 934
426, 20
426, 979
536, 558
536, 441
992, 544
992, 455
472, 907
472, 92
394, 791
394, 208
881, 986
881, 13
108, 33
108, 966
303, 966
303, 33
375, 33
375, 966
706, 985
706, 14
862, 745
862, 254
758, 888
758, 111
30, 222
30, 777
4, 732
4, 267
862, 345
862, 654
375, 189
375, 810
725, 544
725, 455
752, 143
752, 856
205, 643
205, 356
3, 842
3, 157
973, 366
973, 633
491, 888
491, 111
991, 124
991, 875
862, 765
862, 234
895, 979
895, 20
49, 643
49, 356
63, 389
63, 610
491, 622
491, 377
550, 208
550, 791
173, 720
173, 279
973, 499
569, 544
569, 455
596, 97
596, 902
895, 399
895, 600
381, 667
381, 332
160, 533
160, 466
251, 979
251, 20
173, 209
173, 790
518, 286
518, 713
348, 500
784, 444
784, 555
817, 279
817, 720
973, 477
973, 522
582, 907
582, 92
817, 209
817, 790
660, 433
660, 566
329, 390
329, 609
569, 764
569, 235
914, 621
914, 378
270, 687
270, 312
784, 488
784, 511
504, 436
504, 563
615, 477
615, 522
30, 66
30, 933
114, 888
114, 111
81, 875
81, 124
141, 312
141, 687
303, 189
303, 810
491, 732
491, 267
596, 364
596, 635
849, 91
849, 908
803, 202
803, 797
316, 600
316, 399
238, 433
238, 566
380, 952
380, 47
914, 667
914, 332
141, 422
141, 577
375, 79
375, 920
329, 499
205, 91
205, 908
82, 544
82, 455
486, 608
486, 391
160, 287
160, 712
127, 678
127, 321
160, 797
160, 202
569, 409
569, 590
30, 267
30, 732
836, 300
836, 699
30, 157
30, 842
803, 533
803, 466
270, 423
270, 576
95, 91
95, 908
991, 901
991, 98
504, 791
504, 208
803, 712
803, 287
940, 222
940, 777
348, 14
348, 985
973, 389
973, 610
582, 358
582, 641
303, 79
303, 920
992, 366
992, 633
674, 823
674, 176
725, 98
725, 901
752, 299
752, 700
738, 908
738, 91
647, 313
647, 686
738, 356
738, 643
491, 778
491, 221
348, 477
348, 522
992, 499
407, 488
407, 511
3, 953
3, 46
563, 576
563, 423
647, 823
647, 176
238, 720
238, 279
518, 980
518, 19
63, 433
63, 566
862, 589
862, 410
375, 299
375, 700
362, 92
362, 907
881, 279
881, 720
881, 790
881, 209
316, 91
316, 908
992, 477
992, 522
141, 444
141, 555
219, 589
219, 410
563, 65
563, 934
329, 477
329, 522
108, 79
108, 920
491, 576
491, 423
674, 313
674, 686
913, 823
913, 176
407, 442
407, 557
81, 901
81, 98
940, 65
940, 934
141, 488
141, 511
238, 209
238, 790
647, 576
647, 423
693, 399
693, 600
486, 125
486, 874
329, 985
329, 14
959, 908
959, 91
614, 719
614, 280
63, 13
63, 986
297, 377
297, 622
192, 764
192, 235
159, 979
159, 20
192, 654
192, 345
108, 189
108, 810
725, 634
725, 365
192, 254
192, 745
251, 399
251, 600
784, 797
784, 202
940, 157
940, 842
297, 47
297, 952
803, 20
803, 979
940, 267
940, 732
628, 907
628, 92
375, 143
375, 856
440, 208
440, 791
17, 832
17, 167
458, 97
458, 902
408, 203
408, 796
992, 389
992, 610
219, 124
219, 875
95, 867
95, 132
973, 433
973, 566
862, 124
862, 875
563, 331
563, 668
49, 908
49, 91
82, 366
82, 633
316, 642
316, 357
160, 600
160, 399
895, 356
895, 643
536, 713
536, 286
270, 443
270, 556
30, 46
30, 953
849, 867
849, 132
297, 332
297, 667
569, 746
569, 253
550, 435
550, 564
362, 398
362, 601
674, 423
674, 576
784, 466
784, 533
784, 712
784, 287
394, 434
394, 565
173, 321
173, 678
4, 378
4, 621
706, 280
706, 719
82, 499
771, 678
771, 321
302, 856
302, 143
959, 867
959, 132
82, 522
82, 477
641, 33
641, 966
927, 168
927, 831
758, 778
758, 221
596, 985
596, 14
4, 667
4, 332
491, 842
491, 157
380, 686
380, 313
270, 488
270, 511
973, 13
973, 986
95, 244
95, 755
817, 678
817, 321
426, 907
426, 92
693, 908
693, 91
862, 455
862, 544
362, 642
362, 357
596, 499
641, 189
641, 810
458, 364
458, 635
205, 868
205, 131
959, 755
959, 244
381, 576
381, 423
303, 700
303, 299
725, 499
536, 980
536, 19
803, 600
803, 399
628, 601
628, 398
706, 433
706, 566
881, 678
881, 321
63, 209
63, 790
380, 824
380, 175
141, 202
141, 797
141, 466
141, 533
706, 790
706, 209
758, 732
758, 267
108, 143
108, 856
992, 566
992, 433
63, 279
63, 720
49, 867
49, 132
628, 357
628, 642
141, 287
141, 712
849, 755
849, 244
564, 47
564, 952
830, 111
830, 888
348, 719
348, 280
757, 842
757, 157
82, 610
82, 389
270, 202
270, 797
219, 455
219, 544
725, 390
725, 609
784, 979
784, 20
426, 358
426, 641
3, 823
3, 176
914, 577
914, 422
835, 764
835, 235
30, 378
30, 621
940, 46
940, 953
375, 345
375, 654
114, 777
114, 222
835, 254
835, 745
283, 321
283, 678
725, 477
725, 522
862, 98
862, 901
693, 642
693, 357
192, 410
192, 589
614, 791
614, 208
49, 755
49, 244
641, 79
641, 920
757, 65
757, 934
30, 332
30, 667
836, 654
836, 345
914, 687
914, 312
680, 966
680, 33
752, 235
752, 764
452, 888
452, 111
895, 91
895, 908
127, 831
127, 168
738, 868
738, 131
518, 358
518, 641
219, 98
219, 901
582, 398
582, 601
114, 934
114, 65
725, 14
725, 985
752, 345
752, 654
946, 966
946, 33
973, 209
973, 790
440, 476
440, 523
186, 888
186, 111
973, 720
973, 279
141, 20
141, 979
17, 944
17, 55
251, 908
251, 91
991, 985
991, 14
114, 842
114, 157
550, 475
550, 524
518, 907
518, 92
914, 444
914, 555
472, 868
472, 131
329, 280
329, 719
251, 356
251, 643
192, 124
192, 875
680, 189
680, 810
752, 745
752, 254
564, 313
564, 686
862, 365
862, 634
114, 732
114, 267
914, 488
914, 511
582, 868
582, 131
452, 267
452, 732
486, 902
486, 97
160, 643
160, 356
491, 934
491, 65
63, 321
63, 678
316, 131
316, 868
81, 14
81, 985
205, 755
205, 244
30, 176
30, 823
491, 668
491, 331
394, 830
394, 169
596, 280
596, 719
452, 377
452, 622
375, 764
375, 235
674, 443
674, 556
660, 830
660, 169
641, 299
641, 700
647, 556
647, 443
108, 300
108, 699
270, 712
270, 287
297, 823
297, 176
408, 286
408, 713
940, 378
940, 621
238, 678
238, 321
82, 433
82, 566
784, 399
784, 600
458, 14
458, 985
568, 125
568, 874
862, 500
927, 55
927, 944
680, 79
680, 920
219, 634
219, 365
940, 332
940, 667
348, 208
348, 791
660, 678
660, 321
771, 831
771, 168
550, 830
550, 169
283, 830
283, 169
4, 577
4, 422
270, 532
270, 467
141, 399
141, 600
486, 636
486, 363
641, 143
641, 856
862, 477
862, 522
408, 19
408, 980
973, 678
973, 321
362, 131
362, 868
596, 476
596, 523
992, 789
992, 210
440, 435
440, 564
453, 221
453, 778
674, 796
674, 203
173, 168
173, 831
992, 279
992, 720
836, 410
836, 589
895, 131
895, 868
803, 643
803, 356
270, 20
270, 979
646, 796
646, 203
192, 455
192, 544
674, 488
674, 511
4, 687
4, 312
647, 511
647, 488
817, 168
817, 831
757, 47
757, 952
330, 208
330, 791
4, 555
4, 444
946, 920
946, 79
564, 175
564, 824
914, 466
914, 533
160, 908
160, 91
297, 313
297, 686
491, 468
491, 531
458, 281
458, 718
628, 868
628, 131
472, 397
472, 602
835, 875
835, 124
303, 345
303, 654
414, 810
414, 189
4, 488
4, 511
504, 829
504, 170
940, 176
940, 823
803, 91
803, 908
225, 111
225, 888
693, 131
693, 868
192, 901
192, 98
302, 764
302, 235
862, 389
862, 610
36, 966
36, 33
219, 499
569, 391
569, 608
536, 907
536, 92
114, 953
114, 46
414, 966
414, 33
913, 712
913, 287
752, 589
752, 410
536, 359
536, 640
913, 797
913, 202
375, 253
375, 746
946, 810
946, 189
407, 467
407, 532
881, 831
881, 168
992, 678
992, 321
830, 221
830, 778
895, 244
895, 755
127, 944
127, 55
30, 577
30, 422
738, 244
738, 755
680, 143
680, 856
219, 522
219, 477
375, 410
375, 589
491, 952
491, 47
81, 209
81, 790
394, 679
394, 320
491, 686
491, 313
453, 157
453, 842
30, 312
30, 687
752, 874
752, 125
219, 985
219, 14
329, 566
329, 433
830, 65
830, 934
680, 700
680, 299
863, 985
863, 14
219, 390
219, 609
251, 868
251, 131
913, 979
913, 20
596, 791
596, 208
758, 621
758, 378
82, 720
82, 279
297, 423
297, 576
830, 157
830, 842
380, 203
380, 796
674, 713
674, 286
192, 634
192, 365
413, 920
413, 79
725, 719
725, 280
30, 444
30, 555
615, 565
615, 434
4, 466
4, 533
348, 566
348, 433
413, 700
413, 299
836, 544
836, 455
758, 667
758, 332
440, 170
440, 829
563, 488
563, 511
426, 602
426, 397
302, 746
302, 253
486, 15
486, 984
186, 221
186, 778
426, 869
426, 130
238, 168
238, 831
641, 654
641, 345
835, 901
835, 98
30, 488
30, 511
453, 576
453, 423
830, 267
830, 732
784, 356
784, 643
108, 254
108, 745
141, 356
141, 643
946, 856
946, 143
381, 443
381, 556
647, 286
647, 713
568, 902
568, 97
784, 908
784, 91
674, 19
674, 980
914, 399
914, 600
108, 345
108, 654
114, 621
114, 378
114, 332
114, 667
725, 208
725, 791
108, 235
108, 764
3, 712
3, 287
646, 980
646, 19
159, 868
159, 131
725, 433
725, 566
862, 433
862, 566
36, 920
36, 79
706, 321
706, 678
186, 842
186, 157
486, 281
486, 718
771, 54
771, 945
63, 168
63, 831
602, 888
602, 111
940, 577
940, 422
186, 934
186, 65
491, 486
491, 513
192, 500
186, 267
186, 732
3, 797
3, 202
940, 312
940, 687
381, 511
381, 488
173, 54
173, 945
316, 245
316, 754
803, 131
803, 868
264, 33
264, 966
283, 54
283, 945
641, 764
641, 235
141, 91
141, 908
3, 20
3, 979
82, 678
82, 321
192, 477
192, 522
817, 54
817, 945
568, 636
568, 363
413, 856
413, 143
270, 600
270, 399
453, 934
453, 65
36, 810
36, 189
660, 945
660, 54
30, 466
30, 533
303, 589
303, 410
375, 125
375, 874
674, 467
674, 532
408, 93
408, 906
752, 455
752, 544
973, 168
973, 831
752, 97
752, 902
114, 823
114, 176
835, 634
835, 365
757, 175
757, 824
940, 444
940, 555
453, 331
453, 668
4, 600
4, 399
550, 679
550, 320
706, 830
706, 169
518, 869
518, 130
413, 345
413, 654
394, 54
394, 945
302, 125
302, 874
940, 511
940, 488
297, 443
297, 556
472, 247
472, 752
192, 390
192, 609
490, 824
490, 175
614, 829
614, 170
564, 203
564, 796
881, 945
881, 54
192, 14
192, 985
530, 189
530, 810
225, 778
225, 221
830, 47
830, 952
718, 888
718, 111
868, 888
868, 111
647, 467
647, 532
30, 287
30, 712
458, 791
458, 208
582, 753
582, 246
297, 203
297, 796
862, 209
862, 790
907, 33
907, 966
160, 755
160, 244
108, 410
108, 589
270, 92
270, 907
946, 699
946, 300
862, 279
862, 720
264, 189
264, 810
602, 732
602, 267
836, 499
693, 245
693, 754
530, 500
380, 286
380, 713
264, 79
264, 920
504, 480
504, 519
550, 946
550, 53
375, 544
375, 455
36, 856
36, 143
530, 33
530, 966
297, 488
297, 511
30, 202
30, 797
564, 441
564, 558
379, 18
379, 981
642, 253
642, 746
530, 700
530, 299
680, 654
680, 345
568, 984
568, 15
251, 244
251, 755
225, 732
225, 267
602, 778
602, 221
836, 477
836, 522
362, 246
362, 753
108, 124
108, 875
225, 157
225, 842
914, 643
914, 356
679, 764
679, 235
992, 168
992, 831
835, 985
835, 14
219, 433
219, 566
784, 131
784, 868
31, 979
31, 20
187, 47
187, 952
224, 65
224, 934
453, 47
453, 952
529, 544
529, 455
141, 868
141, 131
504, 319
504, 680
752, 365
752, 634
219, 719
219, 280
408, 359
408, 640
238, 54
238, 945
30, 399
30, 600
219, 791
219, 208
940, 466
940, 533
641, 410
641, 589
628, 246
628, 753
63, 54
63, 945
530, 920
530, 79
835, 390
835, 609
803, 755
803, 244
504, 946
504, 53
487, 561
487, 438
536, 869
536, 130
348, 830
348, 169
530, 345
530, 654
453, 512
453, 487
487, 206
487, 793
940, 287
940, 712
4, 643
4, 356
270, 642
270, 357
298, 19
298, 980
297, 286
297, 713
757, 686
757, 313
108, 455
108, 544
830, 332
830, 667
413, 764
413, 235
440, 680
440, 319
453, 686
453, 313
753, 15
753, 984
830, 378
830, 621
646, 93
646, 906
376, 903
376, 96
458, 563
458, 436
567, 282
567, 717
675, 906
675, 93
109, 97
109, 902
302, 902
302, 97
518, 603
518, 396
940, 202
940, 797
679, 746
679, 253
973, 54
973, 945
913, 907
913, 92
907, 79
907, 920
330, 170
330, 829
602, 842
602, 157
264, 856
264, 143
114, 687
114, 312
602, 622
602, 377
941, 19
941, 980
114, 422
114, 577
615, 320
615, 679
303, 455
303, 544
337, 111
337, 888
642, 125
642, 874
36, 699
36, 300
348, 320
348, 679
329, 679
329, 320
907, 189
907, 810
192, 566
192, 433
946, 745
946, 254
862, 321
862, 678
186, 378
186, 621
719, 221
719, 778
752, 499
186, 332
186, 667
830, 176
830, 823
82, 168
82, 831
224, 952
224, 47
440, 946
440, 53
758, 423
758, 576
596, 435
596, 564
530, 856
530, 143
946, 764
946, 235
940, 600
940, 399
752, 390
752, 609
413, 590
413, 409
946, 345
946, 654
596, 170
596, 829
992, 944
992, 55
141, 244
141, 755
192, 790
192, 209
108, 634
108, 365
569, 499
114, 444
114, 555
752, 477
752, 522
30, 356
30, 643
563, 468
563, 531
536, 603
536, 396
426, 752
426, 247
868, 778
868, 221
719, 267
719, 732
706, 945
706, 54
297, 532
297, 467
147, 966
147, 33
114, 488
114, 511
868, 934
868, 65
264, 299
264, 700
3, 908
3, 91
192, 719
192, 280
674, 398
674, 601
454, 174
454, 825
725, 678
725, 321
413, 746
413, 253
680, 589
680, 410
381, 532
381, 467
408, 870
408, 129
719, 157
719, 842
913, 868
913, 131
375, 364
375, 635
784, 244
784, 755
269, 869
269, 130
679, 125
679, 874
791, 966
791, 33
836, 566
836, 433
868, 842
868, 157
108, 500
602, 934
602, 65
375, 391
375, 608
908, 856
908, 143
187, 824
187, 175
408, 396
408, 603
108, 522
108, 477
835, 791
835, 208
757, 796
757, 203
719, 934
719, 65
414, 455
414, 544
758, 443
758, 556
302, 364
302, 635
868, 732
868, 267
725, 830
725, 169
614, 947
614, 52
641, 455
641, 544
109, 14
109, 985
946, 589
946, 410
225, 378
225, 621
3, 868
3, 131
530, 409
530, 590
113, 980
113, 19
835, 719
835, 280
758, 511
758, 488
36, 254
36, 745
225, 667
225, 332
114, 797
114, 202
75, 111
75, 888
647, 601
647, 398
946, 875
946, 124
114, 712
114, 287
108, 389
108, 610
518, 751
518, 248
674, 358
674, 641
337, 732
337, 267
114, 466
114, 533
31, 92
31, 907
36, 764
36, 235
147, 920
147, 79
337, 778
337, 221
914, 755
914, 244
940, 356
940, 643
601, 668
601, 331
36, 654
36, 345
531, 235
531, 764
601, 952
601, 47
219, 321
219, 678
647, 641
647, 358
791, 920
791, 79
454, 469
454, 530
791, 189
791, 810
4, 755
4, 244
757, 713
757, 286
81, 54
81, 945
148, 810
148, 189
830, 313
830, 686
348, 946
348, 53
945, 902
945, 97
907, 300
907, 699
867, 952
867, 47
224, 175
224, 824
946, 544
946, 455
862, 168
862, 831
330, 52
330, 947
720, 47
720, 952
752, 280
752, 719
830, 576
830, 423
941, 92
941, 907
302, 391
302, 608
264, 235
264, 764
596, 319
596, 680
336, 157
336, 842
303, 499
31, 131
31, 868
264, 345
264, 654
680, 544
680, 455
36, 589
36, 410
108, 566
108, 433
536, 248
536, 751
192, 321
192, 678
531, 253
531, 746
186, 312
186, 687
297, 601
297, 398
36, 875
36, 124
341, 157
341, 842
147, 856
147, 143
219, 830
219, 169
758, 467
758, 532
114, 600
114, 399
642, 635
642, 364
946, 634
946, 365
264, 745
264, 254
830, 556
830, 443
791, 143
791, 856
719, 378
719, 621
30, 244
30, 755
752, 433
752, 566
186, 423
186, 576
375, 499
303, 522
303, 477
984, 888
984, 111
109, 208
109, 791
600, 685
600, 314
830, 488
830, 511
602, 576
602, 423
35, 902
35, 97
719, 667
719, 332
831, 203
831, 796
336, 65
336, 934
946, 499
868, 667
868, 332
270, 754
270, 245
836, 678
836, 321
868, 621
868, 378
642, 391
642, 608
36, 544
36, 455
946, 477
946, 522
569, 476
569, 523
941, 130
941, 869
380, 602
380, 397
75, 222
75, 777
108, 279
108, 720
341, 65
341, 934
679, 635
679, 364
186, 443
186, 556
908, 235
908, 764
908, 745
908, 254
337, 622
337, 377
76, 65
76, 934
224, 686
224, 313
868, 823
868, 176
186, 488
186, 511
862, 54
862, 945
830, 287
830, 712
946, 389
946, 610
907, 345
907, 654
791, 699
791, 300
297, 357
297, 642
148, 699
148, 300
75, 157
75, 842
375, 477
375, 522
36, 634
36, 365
75, 267
75, 732
264, 589
264, 410
830, 467
830, 532
114, 643
114, 356
940, 244
940, 755
225, 423
225, 576
187, 286
187, 713
36, 499
36, 477
36, 522
757, 601
757, 398
337, 667
337, 332
679, 391
679, 608
946, 566
946, 433
108, 321
108, 678
907, 589
907, 410
641, 499
76, 47
76, 952
186, 532
186, 467
984, 222
984, 777
36, 610
36, 389
225, 443
225, 556
985, 65
985, 934
680, 499
719, 313
719, 686
225, 488
225, 511
752, 679
752, 320
868, 687
868, 312
147, 764
147, 235
147, 745
147, 254
790, 764
790, 235
830, 600
830, 399
985, 157
985, 842
641, 477
641, 522
946, 720
946, 279
984, 267
984, 732
907, 455
907, 544
264, 455
264, 544
868, 423
868, 576
147, 345
147, 654
791, 654
791, 345
680, 477
680, 522
791, 745
791, 254
36, 566
36, 433
757, 642
757, 357
303, 566
303, 433
75, 378
75, 621
75, 332
75, 667
719, 576
719, 423
868, 556
868, 443
868, 511
868, 488
186, 399
186, 600
601, 557
601, 442
908, 365
908, 634
986, 47
986, 952
76, 823
76, 176
225, 467
225, 532
946, 678
946, 321
36, 720
36, 279
147, 589
147, 410
907, 499
830, 357
830, 642
114, 755
114, 244
907, 477
907, 522
791, 410
791, 589
602, 511
602, 488
719, 556
719, 443
336, 576
336, 423
868, 467
868, 532
414, 499
984, 378
984, 621
907, 389
907, 610
985, 332
985, 667
719, 511
719, 488
264, 390
264, 609
264, 499
36, 678
36, 321
186, 356
186, 643
148, 455
148, 544
375, 435
375, 564
985, 176
985, 823
264, 522
264, 477
75, 312
75, 687
75, 422
75, 577
225, 600
225, 399
791, 455
791, 544
907, 433
907, 566
868, 600
868, 399
75, 444
75, 555
147, 634
147, 365
75, 488
75, 511
413, 476
413, 523
337, 443
337, 556
680, 433
680, 566
719, 532
719, 467
984, 577
984, 422
791, 634
791, 365
147, 500
985, 312
985, 687
641, 434
641, 565
337, 488
337, 511
148, 477
148, 522
75, 466
75, 533
984, 444
984, 555
984, 488
984, 511
147, 390
147, 609
602, 531
602, 468
791, 499
868, 643
868, 356
830, 244
830, 755
791, 522
791, 477
791, 390
791, 609
984, 533
984, 466
907, 321
907, 678
264, 566
264, 433
75, 399
75, 600
186, 244
186, 755
148, 433
148, 566
984, 600
984, 399
337, 467
337, 532
75, 643
75, 356
791, 433
791, 566
984, 356
984, 643
868, 755
868, 244
75, 244
75, 755
984, 244
984, 755
