479.30477671329953, 448.72674757043484
478.0522388194093, 462.0415031820325
479.8933674994816, 430.1455556801612
478.71822244354195, 483.6265595207224
476.96466970492463, 469.10618514552965
479.7100695508733, 494.78056947182205
475.33535228893135, 454.43918093990237
478.9809497465254, 499.32200527779554
475.2986923863807, 435.9211212436001
478.50233814661357, 415.61907162008606
473.4107207002531, 443.89408953413397
473.20705654463546, 475.18926456340114
473.70807138936266, 489.874597302327
471.11542018150885, 463.8601143093455
472.61846523707175, 429.0682371710047
470.31705464767214, 472.1344872907782
473.5716159254278, 421.7876850622652
471.06857717545364, 482.1663761147459
469.14598262458156, 449.5841215946139
472.0930106311048, 497.350655677863
477.31497294936315, 401.4001014144433
479.4554883135882, 394.31098175411387
467.87918859433756, 457.03574175196894
467.8384551375562, 434.62589568000794
470.99933092458303, 414.4949135837609
466.3822530880484, 442.35448231008087
472.5207061921122, 406.86000652937406
465.33745342538805, 477.25633064821307
467.01361332605495, 491.8316911446503
474.55938999990985, 394.83029402079694
463.343576107221, 462.7033719821123
466.376143017393, 424.46570660160177
476.0746551967836, 387.0589406392445
462.67759248308835, 470.42584892730275
462.44541449061853, 447.4946536794655
465.3455994910865, 495.5666657506512
463.51669095232484, 484.9258583813524
461.66130561451706, 451.68173506114044
470.0604368939623, 400.5019970266294
464.2621039308325, 418.4396491714706
461.9627293364759, 429.23115862554454
460.66131244148744, 437.1959813647003
465.074725601023, 409.6907670626788
472.8506432295417, 383.6620277907392
457.2438189007508, 457.5794917154842
457.7774206151794, 476.1973411937038
459.3150885354868, 490.80935927808673
461.1806569767991, 415.35636038362895
474.04615449249053, 375.87234587588824
468.4759259675997, 389.5129449179143
456.0136842516759, 465.4811822606686
478.25386697998385, 365.887297100438
458.7713042389352, 422.8629666622283
456.7631702630328, 484.1153238843421
455.8161296453321, 443.0774458735901
462.54928360623353, 402.61386625076545
454.6450576222416, 450.65736680673245
457.99737794495695, 498.3261474959091
463.78145477173297, 395.708032966119
454.9098219630313, 428.95826544986454
453.08498645711876, 435.72765188599675
451.7815325243242, 471.31377033319643
465.78958874763543, 382.4380804938456
457.3924939846147, 408.39554149908673
471.21317922646847, 368.47571183977755
450.08500537388505, 456.5551234610762
477.24980025272345, 355.54382164634853
452.01982006606784, 489.75444259926667
450.53714121751403, 478.92627555724675
452.1644215957011, 425.75074918327346
451.91798746687743, 493.5973525385633
448.85487072481004, 464.1207886366093
449.2255406976394, 445.7004812916822
466.33948311484244, 374.81132003353446
452.8141120456737, 417.8388761775176
461.0055056152707, 387.8205981785441
472.1235599416184, 360.9772521552537
447.49439068245573, 449.80406555824266
478.62046339858233, 347.853928992066
456.37417059961894, 397.58366660252096
446.12169102017225, 438.79057523134657
446.948569348098, 430.7504014498033
445.04430448781056, 470.5521127938968
445.96283231142206, 484.77719216307327
449.848754348566, 410.8128887111595
451.53102484126987, 403.2533332205089
447.288689489032, 499.3688448049643
459.31916208971757, 377.2042290274261
454.0157339006596, 390.8387183845698
464.9464172455497, 363.8426333673111
442.710307550091, 459.50807456393727
469.8384425263787, 353.92886233721043
442.8406529433703, 477.2909513269657
444.4251638697331, 492.4100623082668
441.89564884209426, 467.26109941219113
460.5941027070415, 369.7281706518901
444.1828032951403, 423.5085427955055
441.69198416509516, 444.3400871462742
454.87723561471137, 382.963502445411
464.9688199689834, 359.7879255371126
475.47180775286614, 340.8707082771876
444.7347341787718, 416.2911223593887
440.4985088971893, 452.0401622611282
471.2559486782928, 346.0841948224638
448.834504517801, 396.58984572982774
450.22553387066915, 388.783871148174
440.04026350428654, 429.6608640922307
476.7447118537655, 333.30911587734374
438.66145377134774, 437.80897372841815
444.03005465704547, 405.84989351122675
439.0300867063708, 487.17213754480946
436.761262465291, 472.468476272585
439.6919972976542, 498.1815550960164
457.7427972290533, 362.5026041430462
451.72043286053366, 375.8438348820181
437.5922143474476, 490.73197132650597
435.2113744036727, 457.8849697034209
463.9708633123784, 348.9271736828361
435.72868242255987, 480.6328775328777
439.4475996852552, 412.6009514140603
434.44966825100516, 447.378572273443
434.1502810454709, 465.51580346076986
437.68793687598253, 419.0974441531639
453.11349925120794, 368.17430714887877
441.856952423119, 399.47355547518356
459.22140304475806, 354.8269672463731
435.99344676334954, 426.94211271060794
446.84266371605844, 381.58274285751116
469.4351862052296, 335.6653672832896
442.9363754719054, 391.5820473905708
465.0604694646692, 341.4002024830935
435.8345880545995, 413.0510218018896
432.4985603846625, 433.28993975278087
431.4130277866023, 440.8454219463937
436.665539936756, 404.9986291719302
470.987111304654, 328.0935929442229
474.9993057022281, 322.27322372011116
429.8916525190732, 452.6185339460935
431.213436663834, 486.1070384054178
428.9120255530527, 471.7842061635176
445.8895130277023, 370.7688315731008
451.58805095082954, 357.3400304219765
428.00164431652115, 460.62205013969094
428.62893204306, 478.94053131485623
430.2195530400781, 493.8620996415163
456.14402964495537, 347.53623215571344
475.1235410248523, 318.1452017567184
479.56750401628295, 312.2291165690761
439.7347667494787, 384.63141096660024
429.5128364805456, 426.1600897288165
435.09121211389794, 397.9889333296774
430.488390413717, 418.1911936926229
447.51679392727107, 362.6410873794051
441.6227379142247, 376.733793197105
426.7959494286861, 446.4886139583561
462.32525272222523, 334.33552104094497
458.33749808589084, 340.45729495595543
425.51489874070677, 454.993113885338
435.268399991851, 390.26238360879773
424.29291067871173, 466.5747929152791
431.4843105538974, 400.1456062144863
424.5271251876062, 439.1693673524774
429.38452760369063, 407.54224025059693
467.98713074280175, 321.05334972025537
424.82243883890953, 432.1413434982748
449.583990529158, 350.54416937981875
463.5716805454601, 326.6700666048435
423.2033050478025, 484.1642003207041
425.17274208334806, 499.6397021141484
454.77947656975175, 337.5043433317457
423.2033050478025, 489.16588897507836
421.74099240625776, 474.0915816544501
444.3742478308286, 355.8370802645204
438.2968938691738, 369.29642879735934
421.33773608510865, 442.1630493403222
420.37440229324795, 459.5671334608708
424.7043135869409, 413.6497584079981
434.0301187556962, 379.1511404091777
423.16053507459645, 421.3416874501251
474.0339348725613, 307.29870566005144
450.1888744895, 342.58138354985635
440.9058382511876, 361.17479428854614
469.215228875452, 313.2942151871191
419.9629999064005, 467.3486698243435
419.48642430153166, 449.0973936188388
434.4354115932697, 374.9416571971663
427.99553476724736, 393.37621977835414
445.49644033143943, 348.8131286646582
456.1786525096998, 329.5537763501995
429.16253323610704, 385.1934894634142
461.27230595110336, 319.3711854414568
417.867289989043, 480.496431205712
419.0057756638136, 426.8891629772081
417.74916473707424, 434.96395743750395
418.98540945680463, 494.99644065976156
462.9077334377519, 315.60362706589626
475.084844605877, 299.7228580239468
423.510838319035, 399.15993141452
421.64526987772274, 406.2185036931348
437.09730905199416, 358.7818852946546
479.5878707446738, 293.8963796363014
414.9711785428058, 455.14177958226855
414.9019322919353, 473.4602607574337
416.06078469509663, 488.30240526601705
447.4231079151607, 335.4576426894256
432.84886415048254, 364.4393330642262
417.55975671781044, 415.76162763213404
438.61868431952325, 350.8129897798096
416.4782971525995, 419.93445325619973
413.2441020818529, 462.758357582008
466.5879542814721, 305.65727226623636
426.77761973810146, 378.0229090758147
442.5738520861561, 341.2657925437724
413.272614875942, 441.12646171614927
453.68376034680557, 322.1306677080631
428.07089056739153, 370.81974439730715
421.00983608548535, 391.87123271170475
411.69828705308385, 448.8224640553143
448.4393947837318, 327.86957620490494
422.56990777198973, 384.15893874843465
477.89949070269614, 288.50164310318667
411.9508312525628, 494.06575198103985
416.36017190063075, 401.47137968114174
472.4107275272235, 292.99420195144967
414.4620165896171, 409.47489587473916
411.62700428578887, 426.27209783780114
459.37618819927746, 308.6672458781864
410.4070532616001, 483.1194666238042
430.55356311035666, 357.7941741068436
455.02387418215073, 314.32876642344735
410.3255873908004, 433.65040334061325
408.6718302135673, 468.2671391333006
435.5698242351914, 343.8766085920997
407.69831279682046, 454.1581411701466
409.3418868705491, 491.0150474841062
407.57407747419643, 476.0425658118909
425.17681563757895, 363.1685457188151
421.2868200462041, 373.25542014267853
408.86327474925554, 423.13993313494615
441.12986965657745, 330.56592575619123
430.86516993582, 349.91081209495786
409.98954080409715, 415.2606444200983
461.33136909846934, 300.7594461694684
474.4412642265596, 285.3491129578399
419.69008897853075, 376.8458018274384
405.7777547623731, 461.3592694608095
465.15619147182264, 295.33619812113477
413.8937925318256, 394.5574003237682
437.1095286719234, 336.14802248337554
405.82052473557906, 443.4195809281238
415.27056574834, 386.85528829972094
478.1581444514488, 279.2354851155565
447.65528590763046, 316.60763039916105
443.1726264972245, 322.6723818050826
403.8999667011315, 437.1552510010653
452.0564794472368, 307.35980146617817
407.7105329381312, 408.31204386262357
448.0768719193642, 312.6221644478164
404.19731686885956, 429.02547041952516
408.7818088784559, 400.68528340231245
404.51707080278453, 496.70711593243044
401.7981472345002, 467.11650649094986
402.4946806905281, 482.07473292690446
466.45353533396195, 287.5383696122081
424.28476409163176, 352.64992944042115
418.0404053555285, 366.08687614292364
400.94886566175927, 448.71656458851453
400.8836929651195, 471.55407973931705
401.6759484283007, 489.8583051568729
399.8898093413636, 456.45329729131447
429.5169095133948, 338.514456349893
412.2848413228415, 379.7132194273403
434.07085221247746, 328.9509669684019
453.5187920887817, 299.7208216361022
400.3460182178417, 435.08411214056434
419.3560789082522, 358.4641884583017
457.75501737036416, 293.8597220483556
425.02406699948415, 345.0842642648882
413.53330566250094, 372.3389867002172
402.59243973548774, 414.0407698988937
401.22584962247805, 422.0605782379452
471.0767237625336, 277.9972820610534
429.7857474084152, 334.44956605912296
406.74516210846434, 392.8772729541629
475.3373888053559, 272.8632198552025
440.3274310898915, 315.7787673688523
398.02831393290046, 442.34633571600517
407.4702083585814, 385.6618889058906
435.44558839118554, 321.3608635746879
396.568038329162, 477.0017660058316
403.61076259910203, 395.43717617828366
401.5720793126858, 403.28388060222363
395.09146955126346, 462.53230393349673
446.1013242917815, 302.38866071486717
396.8083629087117, 427.6426749651294
458.50042982749017, 286.38570058201276
463.49428770750956, 280.42481173369765
441.29076488175224, 308.437119453986
396.7900326967455, 494.9333084657904
394.96927074506397, 485.0908162237368
416.57198316471, 351.24473163434027
410.86529865450285, 365.070653439894
393.82467499963786, 470.0735308908488
476.88931390478024, 265.0165154312625
393.52325127767904, 448.1178285037548
422.2644104958001, 337.8953548226415
405.8856974322188, 375.51188228805586
392.2075777249554, 455.4187460549863
395.5436048735107, 416.8674571351607
396.81447245798546, 409.29771918393857
407.8653180926506, 368.07248150046564
428.0790371544715, 323.95131470187204
417.5841964790504, 343.61186148914675
411.578124763309, 357.065100858452
392.2727504215951, 437.42203501321154
446.95060586452263, 295.0551583513792
423.59637774406553, 330.2197179259684
451.02186288808116, 289.0189184606765
399.98960490274777, 388.29918008159217
390.63324990209725, 445.1384022735196
464.6225902787757, 272.69011594009095
434.1360249091172, 310.93389048413536
469.46369952070023, 266.9736092735857
401.14234723525374, 380.40359869994154
390.5273437486762, 490.69938703559797
429.3906376743461, 316.1494139386048
388.86136695151384, 475.7554168786015
390.79210808946584, 422.3864211470249
389.52938709207103, 430.42659492856814
438.3702131528935, 301.20951655729755
403.19732369582994, 369.0724120580414
393.9244710824036, 401.9642168204506
387.3583218959508, 465.42416027292836
395.0140767133129, 394.64293382672736
452.7835622137785, 281.113155139803
469.7488300684991, 262.81096611009167
389.4275550142622, 497.99012212625775
387.7534311086385, 483.669326272202
456.78761002427274, 276.060553661222
474.74676098136763, 257.57711412232356
410.57609507385473, 346.67274844665195
386.2992655755552, 450.70013355821203
385.7819570352866, 458.49388877010085
404.32358922928984, 359.7533048583601
416.1666903271363, 332.7307447137272
432.33970219729383, 304.54940637536515
398.1444031898261, 374.3673593305876
444.08911728302985, 288.1432159031989
388.2116765015411, 415.5539030382701
406.3480158579707, 352.0084260828332
420.69822926002206, 322.7497692353148
389.31757582799185, 407.89863106274
439.64719080802354, 293.49111238779625
457.4719233389898, 271.63927255830873
411.70847015658853, 338.9910018650965
399.8633325423175, 366.40457297927645
384.33390105147714, 436.0779330132575
383.4174102656718, 470.7374360787731
461.8527506715871, 265.4910240372727
392.3399596346594, 387.3970023967404
426.51896546796723, 309.44112278725083
382.9978607703626, 443.55806416448274
393.76357585722894, 380.03906233642005
381.9225112758071, 456.6223284307368
384.0243307424384, 424.4840351349002
383.3583471183058, 489.33492011450073
384.358340812717, 420.8162660199083
421.5271446257541, 315.5038378053278
476.03799529423304, 249.71819084996744
402.2421359696677, 353.8025984706165
381.8553020627428, 478.4293651209002
445.5005133642886, 280.40037351551666
407.488538049166, 340.0357355619963
382.8023426804435, 493.314276380963
387.6210491989344, 397.17432605697803
449.9485499099503, 274.372279697541
428.69410473969975, 301.8143623269397
432.24805322298965, 296.4236985695142
380.1628484665343, 463.8173470365172
413.48849969425186, 326.3727352109825
436.06472900926303, 290.72348456981155
463.9851199701137, 257.88055572241564
402.8368373478867, 345.471202458746
469.0746998572864, 252.3127147528408
390.97540655945585, 377.1451696091439
378.84106484315527, 449.2460598371179
397.0792367987753, 359.0547789916831
409.03231656151036, 331.8306039380687
381.8491919920874, 410.54610469901326
392.38069257005924, 369.0601926882766
378.79218532067546, 430.47343497708556
385.74733417054216, 390.6065550511761
382.94898124788284, 402.9091612567819
438.5677682806189, 282.9969343275832
414.84286966595084, 317.9456227142327
451.72857944761364, 266.7760671402932
377.17508804599294, 438.7763194737372
410.36632032620025, 324.15293013220224
376.3013661906304, 469.5257076302955
377.091585137387, 484.19474822376736
378.6720230309005, 498.95950478077003
456.44138033406495, 260.6400374676734
386.3583282015397, 382.8026173787157
420.889674317092, 304.6186477328703
416.6290087528882, 310.7322755751537
374.3869182268383, 458.9439591579301
473.0115384547163, 242.47836858351423
442.5310826343317, 273.1035287399744
377.18934418234664, 416.50088386244596
374.4296876786628, 476.745164454257
375.6251994629932, 491.97221076885353
376.00808905575155, 423.67350063788996
382.3074379063717, 388.93050045725994
429.2562187268359, 289.1655477697624
424.97518747700434, 295.09792510285865
401.94478580193964, 334.465858204577
444.97709527474615, 269.19952351589967
395.4112229638067, 348.4221171737625
461.8995936776422, 250.87696956504521
379.75551911253604, 396.21716277223044
389.44588470484683, 362.1034465794235
372.5722658244304, 466.64199788493966
372.729088016756, 444.30750285536624
466.5268551390631, 245.08714824399695
457.9627550802124, 253.01735030440008
412.04859029752237, 311.68943885990126
396.9061219536713, 340.7749917923082
371.4765501228658, 451.9627748308961
383.5945986650064, 375.966025972923
390.86339085676093, 354.7577253675194
402.8796067997112, 326.9918367382341
436.20525802742867, 275.6634324854439
431.26435270273834, 281.50009333366086
407.3011670677082, 317.1289790536887
375.63130953364856, 401.83184326897407
384.45609985767663, 368.1132118641006
371.29732520710655, 429.65679131654156
374.0875310213042, 409.35066839598966
448.9037502472899, 259.1533794556713
417.9650490340026, 297.82075030286796
370.3910175248057, 486.39826063574503
370.00201786139183, 437.0900824192494
474.11947429759175, 234.93714162616223
371.36657093659545, 497.4422988657045
368.49897228444735, 472.0978302241811
413.227808907693, 303.335641539043
378.75756245593107, 381.33428790001216
462.72239845133737, 243.044520377366
368.8920455020919, 490.55479411435664
478.6713794374867, 228.8560985961354
369.7128142807438, 419.3031328805319
367.5865545314911, 479.82437994506074
366.61711119035664, 457.61411291558545
466.90974421044007, 237.3850367412983
372.521349785526, 398.8524170387388
374.1771440005653, 391.15030553604015
423.45177569305065, 284.5956009699186
441.5453455976558, 261.9393363283033
436.2785767897668, 267.76581471594875
387.8450800829426, 347.26130207084003
393.7737589607335, 333.7632595622108
419.2420266891327, 289.73577286065193
383.69846725923964, 357.3278115735604
450.9200308102724, 251.35962424378246
365.4501122001153, 464.97205297590585
471.3740739302616, 232.14303868080322
365.5886041804747, 442.317824722135
365.34624360588185, 446.537490394718
399.70651087137355, 320.2265230777911
455.1990255436793, 246.125772777363
389.8226642269499, 339.7384036467867
377.2748836073772, 370.6710787003767
405.8184882191544, 306.54112089644093
395.0018570933838, 325.98172372008685
365.4419656130353, 424.28852938945244
368.06924020701535, 404.34694335377065
364.15276833797617, 431.96009351043637
366.5193521453971, 412.08163914737725
430.11568392446304, 270.23203836438336
400.9590487652638, 312.55903225384503
378.43373548915696, 362.6166491612242
425.1483023221082, 276.0076039278222
371.5111729876102, 383.71497752413904
362.85135092160607, 485.35352693884516
442.8610191503796, 254.19038477708722
411.9711979809536, 292.27531116362957
407.6025902682855, 298.87159368465024
372.6496586623809, 376.6543688576797
360.79230090679926, 452.1297695824739
381.17709881868103, 350.3140429556184
360.80248453168537, 470.8636999453672
386.51514987248356, 337.105185768123
430.4822803430615, 266.0775412736163
459.4556175536524, 235.91874365043938
472.95247530735037, 223.89717669324057
360.31165279046274, 477.5394068058132
361.6151067232573, 492.94770310824833
416.7532445968938, 282.8523414063419
434.5637204701247, 260.3752903647204
362.3971790829341, 417.59653038355236
359.217973083941, 460.28806115788416
411.8836220394985, 288.4853509577327
365.36864632931565, 397.2333849539115
464.0319624547873, 230.11466657178167
359.5071771859707, 438.02688078285377
366.72912637166996, 389.54756559666686
447.21129665108157, 245.01179720160943
381.85937509559204, 342.263686192155
387.7534311086385, 329.01206277452866
392.59250383413837, 318.5932357567031
376.1384344490311, 355.7026698038507
358.11411079529654, 445.6821527583836
452.18682484051624, 238.7250654442145
393.7737589607335, 314.41226405991057
377.9123539160391, 348.4811765920446
422.8937347387637, 269.3807740250868
398.14032963559544, 305.1277775389818
369.8492692232971, 369.08666729430206
417.7043582474437, 275.3844291035328
372.0305180443035, 361.6757780219307
355.5968153875869, 465.69094376372584
357.51737290065273, 423.7508885894707
356.6395785338226, 430.56507816492706
478.0603854064892, 214.19316768754592
440.2663314261011, 247.6144676985584
435.1502747398822, 253.07640920133366
360.3483121716318, 402.9030515718994
358.85137666534257, 410.0817785535745
365.31773029041136, 379.00247419089857
404.28285629388995, 291.7682182667113
356.7434476494375, 498.9472859323539
355.41351691759684, 488.21076207817555
465.294683452182, 222.49197940850837
400.06088767004286, 297.23219615733115
353.77808995232976, 451.317198697619
353.4216766372359, 473.5295021149388
378.8084784948353, 335.9280785197467
385.2361357009288, 321.76205804750373
452.76726903961855, 231.9454965475108
479.2599702236689, 210.04070698462345
470.4738763186161, 216.63495259645094
423.8591050470489, 261.68680807376643
352.8412319167522, 440.81894734036814
359.4969940824661, 392.44349419043897
369.0794170049311, 358.4275313917046
352.767913154414, 481.484142393523
428.4008276048209, 255.8216357103307
361.10390825364414, 384.2953850756002
351.8167989824825, 459.01320051543524
410.53739865487955, 277.9178582429767
405.9997496513382, 284.02537587902907
457.8792526929882, 225.68931269317926
351.53370495110835, 466.8456497031145
375.04271874746644, 340.6120703377683
390.76563181180137, 307.96464723582034
351.41761621556424, 444.7697926129603
353.5153621279647, 417.0833278017517
379.87975495654183, 327.7331293563906
362.85135092160607, 372.7401811730333
441.26632512051236, 239.79016458360616
370.0977403899269, 350.67043324641287
397.29715813350964, 294.69062146650896
386.1648466280449, 313.7829795507388
445.22149288714513, 234.4341220262818
364.27089411132636, 363.6736022278888
351.1161924936056, 494.5524794354662
392.21979734488446, 300.5537574421002
354.85343944688526, 398.2638634145506
350.5662976050168, 425.7283473529371
349.7414557935157, 433.8927491345785
416.7736108039029, 264.283368885833
411.88973211015394, 270.0589344492719
352.7292167354388, 405.39778673555287
432.21750339109445, 245.65533694704195
356.6925310891515, 385.46434677259816
471.4148073870428, 209.2688664634036
357.93081232530636, 377.96385017888116
360.18538043003247, 369.7383531124617
347.8901440099388, 487.3981911933207
459.746857650725, 217.65728498436303
398.3093714478501, 286.30627624258744
346.1080779558508, 454.40252335195646
426.33566751935876, 249.2131343408938
346.29137590445924, 472.71082206655024
367.48675897010685, 343.23917853154967
476.08687481671285, 203.28761269394533
372.90220286185985, 330.2482294411872
450.01575964439616, 224.31669969935507
403.56595663085295, 276.36806751565456
379.0915725262097, 316.92532723551386
420.65953284104677, 254.32072194071915
434.1014015229911, 239.21179341998956
346.8351607223923, 494.3671561505899
464.07065887376257, 211.86135397843236
345.4441308481427, 439.39134822529957
455.39861718782925, 218.93214510546326
361.58862992421115, 357.4092723008303
345.2811991065434, 480.10949249050554
350.33004657969786, 399.03570393577047
347.06937523128676, 419.17890488043383
344.4848706105129, 461.9274581638546
347.98993957132296, 411.810782359542
351.8269820859871, 391.0708811966148
383.54775565895125, 306.6999695752916
368.5071193929088, 335.94029736816293
374.44598085282274, 322.25693157465724
379.1791484676646, 312.55292256896263
343.4400704264711, 447.31136730378245
438.0973027464055, 232.58292660806092
443.2520553302179, 227.5792015658419
362.47864495373375, 349.3833537555478
389.77582122089456, 292.9453255150877
414.0200643708743, 257.5893334920884
409.18913823245424, 263.23863518893324
342.4197105250506, 482.5390585509943
404.55169366752887, 268.8553520735214
384.6679111217558, 299.0813551877075
354.1833822685219, 370.40633107607516
422.11777192836075, 246.93630675302464
343.24455233655186, 425.0644426863615
342.27103544118665, 432.6219617891673
356.14467323836925, 362.60646670065256
350.78014590690213, 380.25086022732194
345.60706258974204, 404.24104440831974
431.99550902351075, 235.4177599170549
426.42935353146913, 240.99985664423912
395.3603069249024, 279.8199659640555
340.80872332102336, 440.5684554736759
340.1081168321463, 468.02886663637327
351.5153752605238, 373.40612274880226
390.6943490445062, 285.33282081238593
468.455559239209, 201.72153034251787
340.89426222467233, 490.353179205375
456.37417059961894, 210.99990717856423
439.6655204986081, 225.6302537962457
341.63356513252467, 414.3890141169612
365.91039463082427, 328.99780701691924
338.7761495838811, 475.6087875695156
338.37085674630737, 453.2091239581262
402.35415167236255, 266.0286648372544
410.0486034300816, 256.0517621345311
461.4372747305089, 205.1734287909188
444.3742478308286, 219.5736484630512
361.277023098748, 338.5836982287468
371.64355489731423, 315.3959019506836
344.53171309518655, 393.71631844504327
339.8372424207013, 422.3151434016752
346.0571619169464, 385.92459962099906
414.75936727872664, 249.56545185599916
337.26292090343196, 460.84403049116435
396.79410625097637, 271.7512806672934
377.8431081865502, 301.83880054512076
355.0672872273891, 352.2018949190878
449.3212632261744, 213.6107232268915
367.06313644194864, 321.16128505355084
361.0102222415336, 334.55139222888465
336.00427346026794, 446.0385435705268
432.28674912058335, 227.9274463052581
356.6314319467425, 344.2533648467347
372.93682572660424, 307.877076823668
383.69846725923964, 288.4527666668247
348.5520540798407, 365.7610332338439
335.8413417186686, 428.15384063773683
418.9955925603091, 239.79220097145074
350.33004657969786, 358.2381353311392
338.34030691441217, 407.2836023111778
378.9103105726443, 294.1590903514098
403.21768990283897, 258.25323868001277
339.52156256238874, 399.61814787507626
335.94113728005277, 496.1348544536962
423.46603235078607, 234.34451470493624
334.7191492180578, 435.3977362012279
333.9818833480116, 481.42508349658954
343.1447567751676, 379.008583875781
332.90449681564996, 466.8151018000511
389.58844971805536, 274.51483623093765
332.5582671254422, 471.08160752115145
344.364708320738, 371.2372304942286
450.9811299526812, 206.28129468179003
333.1427843573936, 488.90521464781466
453.70209003739, 203.47293597882162
436.5922206530363, 218.37006660864932
384.5640420061408, 280.463505709488
331.37293844461635, 455.92991224894223
406.9610469267743, 248.3313220985339
394.2421874571408, 264.65197854639234
441.39056044313645, 212.5720992148741
359.86970005033834, 323.71304220494466
411.70236060731474, 242.52928140772076
389.4784710531667, 270.7411676491461
332.6295498927374, 420.7877545046896
353.73124694627467, 337.08074754994215
333.4401350465032, 413.330024662452
338.66006084833697, 384.41961307569835
365.45825878719523, 310.34330047210267
336.84744496235356, 392.1319070389686
370.1812427771511, 300.58226895731906
347.6946259200195, 350.859829828327
329.8739664219024, 441.2343970494448
424.59637091709516, 226.48559143258015
361.6680592785864, 315.8867027021478
355.336124601028, 329.53952059259007
429.64318187382503, 220.71613555402365
343.51339023157226, 360.7369427491331
349.33208992309284, 343.1740099497337
376.250450151726, 287.3591560122142
328.4747904819544, 448.92021692803814
372.0692144632788, 293.4381631757451
332.76804135171517, 401.9968011113586
341.51340284274977, 364.070723403667
327.941188767526, 476.7023977027774
399.93665234741877, 251.20688524981412
328.7762136825317, 426.3067190379024
395.2299615316229, 256.9987434800557
331.1244677993682, 406.08001993542706
326.7843734021708, 462.2533010729344
413.22577239126844, 234.92492277774608
328.2914920119644, 495.09826630817486
337.09998916183264, 374.11483055470205
327.00840480756045, 433.8133247951531
417.3703486985466, 229.28376715362825
335.05112277191193, 381.6356925909108
326.65810104174045, 484.89531047828893
381.7636530884386, 273.60247608551435
442.38851709974153, 204.79870944547707
363.65175349324886, 303.7510912481197
377.3726426523368, 279.5918759276997
324.9595378962584, 469.81285656358494
326.7477140210017, 415.5803776442956
323.8454919827274, 454.1377762490036
430.7470446838513, 212.5252591663567
348.4481849642256, 331.93446597432626
329.57865277059915, 395.1663193904482
352.5275885748642, 321.92294311419914
368.5030458386781, 290.438371503018
346.5541037288243, 335.90567668941026
330.9228396387935, 387.49882856650214
400.99163511358364, 243.56994232893146
339.84538900778125, 354.40337146456943
324.9412082056737, 423.9077003591282
358.2485292214251, 309.0277094660187
388.0283785529327, 259.8926356859831
434.9140237145632, 207.6233597725508
405.7594250717885, 237.0103173958566
383.1343162342975, 266.06124912816233
342.1019936289319, 345.872396931562
354.46647629989616, 314.8928818294545
322.44631604277936, 443.2464770130124
364.05297277659196, 295.7007344846562
419.19314716665286, 221.1804611781137
334.20591423202006, 366.78540200960055
322.2609810563649, 490.2676451810672
359.51125021881984, 301.7817780360317
370.1669861194157, 282.48780452147173
422.4293787538241, 216.21339372384048
320.6275900861407, 475.48048679372823
324.0369370397975, 408.6989825778301
335.01038983651216, 359.58427371893777
405.88773394864336, 233.01466846259157
325.08581025668843, 400.8013648083349
319.95753342915896, 464.1737378486604
321.0491760978746, 428.9704842982808
410.1708022362811, 227.51606937187051
320.10620851302286, 437.07175388595084
393.30533046432623, 246.7061803288242
374.6129861486527, 272.46202590373514
321.1306419686742, 497.81294543545715
328.18965941277423, 380.2549330030111
319.7151723331846, 483.7324584661734
388.92450313172895, 251.63455432865567
424.5821147807414, 211.51718253605398
376.54372728660485, 268.63540810989247
351.18340170666977, 311.96436894477444
329.0796744422966, 372.4713607730425
317.94939997463797, 449.5617197642774
345.0775349509258, 325.16304315034967
339.62339464019755, 338.612209222617
317.55429024056895, 468.3750749879448
428.0545973932315, 206.50734780895257
316.56040661681305, 457.25161241855994
322.74570272693205, 393.5085933298306
397.91833526801173, 236.5317354928085
361.3666355566276, 288.50571587887583
318.9941996372984, 414.56415494126594
380.29726741404465, 258.80309832841056
340.835199598688, 330.6840440714071
346.4685643037938, 317.21043978095867
332.81284784134573, 352.2141142888526
316.59502948155745, 434.4079881042237
352.46241587822436, 303.8732823390246
323.28134095778523, 386.20971216644386
317.4504211249539, 421.68382250465885
411.578124763309, 219.77322750553694
328.6764181211475, 362.8040088339449
315.2793559288337, 442.4155775948589
356.73937409520664, 294.27109898174314
416.2013131918806, 214.4721705481083
334.4177254960991, 344.35519049514784
367.49490555718677, 275.2052155035389
391.869494100446, 241.05484224413482
315.55226633532175, 489.22698478120526
362.6049167927825, 281.0581690185586
317.8842272779983, 403.31239211744236
328.0083979805903, 358.8042871249908
318.35265577440555, 399.27601282054246
313.50136342897645, 478.1279604300014
386.0039514028702, 245.56980292273417
381.80438602383845, 251.08876745594708
399.55172571685415, 228.83166037795445
313.42804362387517, 427.522520262069
311.95147484597675, 463.2349030972115
373.07124467411455, 261.9047156495507
404.4193117578249, 222.46550428113417
313.52580266883484, 496.62565520516057
368.8350193925321, 267.5193961462943
321.63776688405665, 375.71553410623073
311.4199101693544, 448.2868596431771
311.2610514606042, 470.97367218785587
323.3811365191694, 367.4391242156047
338.27513421777246, 323.727297962554
311.84149618108813, 486.26385069642396
343.9410857925797, 310.4471630297089
417.53735347299505, 206.8148621847338
388.78397411356343, 238.0855989958198
313.4911798040902, 409.01871580202754
334.511410986828, 329.7309535623487
309.62358797891244, 455.5714850489545
349.3850424784217, 296.94504722404184
316.48301430024406, 388.7085201057864
332.5093876029624, 333.3987226773407
422.24811732164017, 200.71956339709757
311.509522627234, 417.3032717653806
327.1061638525201, 347.3325803375386
391.94688693839646, 231.7520271899075
309.29161442505864, 437.2611499465162
317.48504398969845, 380.688711766735
374.336002187934, 253.98265966187458
355.2179988276776, 283.73619055789504
308.63581390443034, 445.262629752269
378.62721706265165, 247.98918704400015
329.09189406222583, 339.4390358650812
338.3321608487137, 316.21661890826545
344.5194934752573, 302.9588858057567
405.77368172952384, 214.47828023299073
350.96140733908607, 289.2694103273687
410.2583776563545, 209.55397900884842
320.97585681415484, 360.67788385219956
361.71693880106614, 269.97136403711954
311.01665384820524, 402.34300946293007
307.71117653154505, 491.58323618715116
357.2790853589091, 275.8772667641903
322.1652585278299, 353.3932584464222
311.861862388097, 394.9402657419371
307.6663700419145, 422.65727845620904
396.56600181273734, 221.60813025695518
305.83542446534676, 476.69628801789503
305.332373104195, 465.82128092735786
366.0794364430789, 260.2205149829075
362.0916818067446, 265.7700268978351
380.3909529047734, 239.84718709269512
305.96373334220146, 430.27589284379303
306.9331772047175, 499.20796025961766
314.79463373688486, 374.3164459850324
324.6010880647397, 340.8279410043594
303.86191387557005, 450.7225353885484
316.0655013213596, 366.3923536095116
304.48512804787833, 484.24362466012946
303.1063183149394, 458.47963301249155
337.3464232906562, 305.5982133693029
331.08984441324213, 319.2245561323708
304.88838384764585, 415.60277947463203
305.90670723264174, 407.8110606505877
371.7637171870891, 246.85891932279247
325.18967885092195, 332.6716858167936
384.5049793801565, 230.17372546871522
309.08387619382853, 387.64138457855023
389.0813248026729, 224.5936661720729
343.3565680392467, 291.62362534547003
367.08553968676387, 252.7505662922539
310.6093244942068, 380.18569164550587
348.18749417766674, 282.11308517603
303.1959302514375, 497.6174396900093
319.45448154662563, 345.9681128950926
397.93462844217174, 213.64127112995487
301.73565464769894, 436.42210445563586
326.84139951173046, 325.3952064837432
332.67231934456174, 311.6650006417202
407.87550119615526, 202.84568837884308
402.8470204513913, 207.80868305742706
300.7560276816784, 444.12014318264534
315.68668528283206, 355.63139205850104
338.57655846111265, 297.92257595128115
300.3914677795046, 471.28322295148166
343.7679709474759, 287.40599606073164
354.30354455829684, 268.99994499476264
304.7397087637819, 397.644761887299
313.44841035226585, 359.4620826280328
299.35277818749967, 457.3962053398013
349.83514180562617, 274.4069003762935
300.1918766567362, 489.92551012653354
300.62364577197445, 420.8610691592324
299.900636038282, 425.35973769237785
307.69488335738527, 377.1451696091439
298.74585718935134, 479.2602645390536
372.5763393786612, 239.13847876544662
377.26469998249104, 232.8619294686233
309.2508814896587, 369.1864570762193
297.83343943639505, 464.20632213956844
386.016171544181, 221.89935248728239
390.92448999916985, 216.231722257139
360.07132821091295, 255.2025341830791
355.6843913290419, 261.46686411013764
318.5379907608202, 335.2865751621587
302.6256691558399, 390.45585244505224
296.16135256857746, 449.5657930613153
324.19579522716606, 318.15945751432787
300.06764081273053, 402.71569242052726
330.2263061827657, 304.0810069328887
298.7865901247511, 410.44224214140695
319.62555987530504, 327.71683721093655
303.16945397377305, 382.841311354506
312.04923389093625, 348.82738442226764
335.89429427399756, 290.80290838788824
295.74587662749923, 431.69330949829003
378.89809095271505, 225.21276769932442
313.7681637648092, 341.12119962253115
365.3767929163956, 242.04255395329437
325.45647970813627, 310.3799575386998
296.00860393048265, 499.5989717505134
342.2588158212574, 277.05641092175983
294.29985716011436, 439.1306738980357
360.9145002343803, 247.1908719167547
294.3304069920096, 485.02564764192084
306.5177012636391, 362.18083453100434
396.8816816710499, 203.0411941242909
330.89228980689825, 296.7800893816573
337.5521250054616, 283.09468720030713
292.7520056149208, 470.11629816367696
307.7233961514742, 354.66200888264
348.29950988036165, 264.1733966433443
297.76215719048156, 395.92390415405873
298.9026793816768, 388.3236182997731
294.31615033427437, 416.6271477290401
291.7153525393405, 459.42865074586064
291.8456979326198, 477.5190413633214
292.7499690984962, 492.6238965870131
292.83143496929586, 424.33129614093195
383.19541537670653, 214.98333674206435
300.4403473019843, 376.3835120698443
388.34405841124516, 209.09983584532998
343.53986650923673, 269.10584394021356
352.55813840675944, 254.28813764981118
323.2120952282962, 307.15614964800335
366.62729429386127, 234.18770293527874
371.36860797440164, 228.05371017185215
301.6093828086503, 368.29446185193905
290.2367472450174, 445.1261834251034
316.78647453862754, 320.4810877201725
289.4057953628608, 453.0665674247295
311.02683747309146, 333.93636347732235
329.34443826170474, 290.02903147882375
293.04731978760583, 401.93977860226954
305.4708650845544, 347.9109515011551
324.00842372432675, 299.6251051512229
291.44651516570156, 409.3221568807708
376.41745492617457, 218.13993966310025
371.6455919351205, 223.87477486290413
330.53587649180446, 286.035419454752
317.6520492855285, 312.77083014474687
354.02248756472875, 246.65730389246224
295.847708705308, 381.136745245371
358.13040396945644, 240.51923783199783
311.7233704077376, 326.41753835030664
288.3711788037051, 430.0661313407358
346.16510406541056, 257.45492355276735
286.83554687844065, 465.24698306077903
306.22646064518506, 340.0499913196058
287.34267179382323, 483.0033852177817
334.68045279908273, 275.8141345702189
287.05754176740595, 438.18369307385984
389.048738454353, 201.61155810002907
300.21835293440074, 357.9387670280849
288.0412417662756, 498.9554320050808
285.89868936424443, 451.292760479438
286.8009240136962, 487.2698904175334
285.9047994348999, 472.87577990893476
300.78861402999837, 353.6661516221021
291.7703421324756, 390.84075477241436
287.49338391549327, 419.72265536529784
290.1349146458269, 398.8564903357766
340.65190112869783, 262.6236064373708
359.7739780431849, 232.86396637781655
336.2038645830363, 268.1934837947902
363.95725024805694, 226.9804649597335
283.8131630717731, 458.7464170246377
377.1669409375314, 210.78199960277996
294.04731348201693, 371.0071040700281
295.95565137515376, 363.1441075006342
285.10847041748775, 423.2885988318767
381.8797418239827, 204.78038039082983
350.65998361712735, 243.76748446222388
315.3811880066425, 306.2763737934879
346.5805800064888, 249.28033931055435
321.5542644968324, 292.37713681204264
342.34435472490634, 255.40007631637158
310.593031320047, 316.21661890826545
282.66245777707326, 444.09570496446435
304.72341558962205, 329.3603069925961
327.1774460984337, 279.00739507920065
311.11644993097104, 312.13340008419675
285.3589781005422, 404.4528422992215
299.5727360386587, 342.677099513387
283.8213096588531, 412.77201894132725
288.51578033333834, 383.7821824937996
316.57669979097307, 298.60073637546617
282.308080978404, 494.16146794457063
280.9577845609358, 479.23989961791045
289.5626170338048, 376.48941101529516
322.833278668387, 284.6872441577601
365.3788299542019, 219.53291809941624
333.35866917570354, 265.42585545545677
370.13236325467136, 213.527226111777
281.1044231283751, 433.17793112244755
305.84968112308195, 321.85573762318995
352.5275885748642, 235.6621420988647
300.3955413337354, 335.1216173197742
279.4262261899022, 464.5260553637657
328.7884338238425, 270.969257685502
293.1206390713254, 356.0672066887209
279.7459796024454, 486.9012807569741
294.39761620507403, 348.6115137556766
278.00057345090806, 453.77120297628886
278.0474164569631, 471.8432655817997
282.65227467356885, 397.5286804812765
334.77617532761775, 257.64024631629496
283.5606188722942, 389.9935632088069
279.39974991223755, 418.4742698502231
356.5438560052876, 225.53453731136636
278.3793894894356, 425.7446394983911
374.2850861490296, 203.58290769996168
358.753617620383, 221.99506845081308
276.5851038154184, 461.7400984911337
343.81277691572484, 242.08124740773607
276.7093391380424, 438.83334198282614
286.83758339486525, 369.26995419133374
339.4482427572876, 247.79164438935902
314.4443304924464, 291.52179969705696
288.3345189011544, 361.7328000096709
309.5869280763619, 301.0649236360562
303.3731186507721, 314.8480786901304
275.318309263793, 446.44788359472113
320.0369627835341, 277.4087284368652
297.42611008239675, 327.98158431388964
276.96595689175234, 411.29350648070346
350.0388059612437, 228.47119679012212
281.9903646036669, 379.44643541519406
275.0311421995695, 492.5566916173526
277.6278669616542, 403.4488389659567
304.6989758283822, 307.09301745403195
367.2077384929634, 206.53382241497818
291.7479388876603, 341.13952815582974
315.35063817474725, 283.6567662184697
362.33404290271903, 211.97539899661024
310.47694258450275, 293.5012948483678
325.9228716881189, 263.9127223160805
282.2693850808103, 375.422275488059
344.91460320932646, 234.35673407470105
273.5525369052465, 481.8670078116917
298.41388415687885, 320.74787173231874
293.470942315764, 334.3497767985544
274.5219807677625, 496.4708798233476
273.4181179577361, 432.03951732851306
321.1123122780896, 269.8512093340592
271.876376483198, 467.1144701031053
332.3016493717324, 250.4696659286955
286.8518400526005, 350.94129055559694
271.47108364562416, 474.8247281998796
276.3284860617088, 392.8772729541629
272.1879833086613, 420.3702684077681
277.4364219045843, 384.6660316453527
326.910645762601, 256.5792204739411
270.14115343516517, 452.6348260915475
350.94511416492617, 220.67947796607785
355.6843913290419, 214.58621556628623
271.94765925049313, 416.8348728442526
280.89261186429616, 364.29066684594716
269.0678404570342, 460.0945918002809
338.00018729485976, 237.25673596551098
282.72966699013756, 356.456181791772
269.204295920969, 441.84942580100727
290.0514122586028, 331.08727441071886
333.44828163358324, 242.70849500771465
308.261070898752, 286.54047596382566
302.05337154381766, 299.76766168461955
297.58700530757164, 309.92785076302584
268.7990030833953, 487.42262941150165
284.8294499403443, 344.2778030649157
267.5586853308159, 472.57233883019137
291.4953946881814, 323.19983962314404
294.16543873398564, 315.72785454464577
271.6604921862696, 398.8788916447643
313.676514790505, 273.13204025519326
270.4140638416533, 406.5524921535928
274.81933093549037, 378.1451001667196
303.33442275317856, 292.38935618180744
276.279606539229, 370.37171039732254
285.6583653060763, 336.43109811962705
309.74782330153664, 278.6530411762507
339.8107661430368, 229.25525615975815
267.20430853214646, 427.1640930620813
266.4100165525405, 480.4597736177663
356.735300540976, 207.09590195448942
343.8351801605402, 223.47358091143684
266.3692836171408, 434.9089718376082
361.41551507910737, 201.19814530014565
319.5766803528251, 259.1574522313604
266.73384351931475, 495.2021288657811
264.65646381392327, 447.6270277522906
264.4731653439331, 465.9068149516656
315.0288482457794, 265.075574328196
279.31421048720716, 349.90673931926875
325.82511264315923, 246.06671388042952
322.3974365202996, 251.14171666799817
280.8885383100653, 342.4754840830567
295.22449505438124, 303.1014418178048
335.73136253239824, 230.17372546871522
348.0917721705133, 213.3846700997289
268.8499191222997, 391.27453301478965
270.13911691874057, 384.06322226355525
262.83570134085994, 455.4778049519197
265.49148872892897, 412.74961711099087
289.16547078331104, 316.3937961204146
263.0047431531147, 482.844536538931
264.15748496423913, 420.41710793493684
304.87209067348596, 279.6651905822426
275.7561884496864, 355.9246506766728
330.3668352009313, 235.85968423215712
273.72157819611965, 362.9119441672405
261.5200277881362, 440.8596777040031
301.0004252940774, 285.0538179518236
282.60339515108905, 329.5293381320185
317.7457347762574, 253.06622674076206
295.49944249867565, 295.3891473331859
289.96179980072304, 307.9809393812743
307.14906202302745, 270.9835134431114
261.2959963827463, 490.22691481743226
349.7434923099403, 206.18761458475524
269.19207577965835, 373.03140340336057
259.8520139531678, 448.60251957033665
341.06534055335163, 216.92821121462273
263.2084078301138, 405.6666071355437
264.2267312151097, 397.58366660252096
259.7501818753589, 475.84706006644296
336.37697994952185, 222.48383281443273
283.4323099954394, 321.64393973228806
267.59127167913573, 377.00464998494044
307.9474275568641, 267.1568956492687
291.4791015140214, 300.8205414542464
259.71759552703907, 430.2555274013014
278.04130638630795, 334.98517047125995
258.1229009757903, 461.5445927456859
272.2898159078518, 352.86783649485676
311.8455692139371, 257.98441775867326
323.12451928684123, 238.9185348018178
257.33268202903355, 468.59298204238036
273.6726986736398, 344.9376349558022
263.5933339392968, 387.1322547724387
258.17381701469475, 423.35173102584804
318.16732078799095, 244.7389035045808
259.66056889609774, 407.67868709911124
347.39727523091, 203.33648913030729
258.4894973943888, 415.7494087837179
342.1956796410424, 208.49295316649457
255.35102485217715, 454.36790267320396
299.4790500265483, 274.7999487763825
292.8049586916313, 288.4466569819423
256.658551817821, 496.34665234459817
265.7969860051185, 366.37809837325085
255.53839583363478, 481.18884738750654
255.61171563873597, 435.69099481939975
282.82946255152183, 311.3921074660403
328.9574756360971, 225.22091325070278
267.4059366927211, 358.3969834886411
324.1774655365815, 231.3263950202592
254.30011459748, 443.47456704936826
276.8233913571621, 324.09387123526875
305.1185248023096, 261.0575240859433
258.66057572306806, 393.11554545109027
284.1451366256272, 303.22974259359205
334.17740143793094, 215.10552783296927
288.27138272093936, 293.4401995635897
294.4485327653599, 280.0562020731383
253.72374395260852, 488.7585853387287
254.42231392506102, 421.41703849251263
260.34284569439023, 379.9189076333597
256.7135414109561, 400.27390699027353
300.2529757991451, 267.1141288977892
270.78066078163334, 337.54711060457396
261.5403939951453, 372.2799278032839
252.41214343273398, 474.7249384179624
311.28345470541944, 247.33139154095815
277.31422361976615, 316.07609928406185
252.46713302586897, 428.8605125771407
251.139238810453, 463.9517574971868
329.8434171113888, 217.77336639038552
271.8356435477981, 329.8857289441616
306.31403658664004, 253.19860029223855
264.61165732429265, 351.3974706283086
316.945332725996, 233.99219718983088
334.84338454068205, 208.4379670452502
249.5873142324102, 449.6167058855218
339.3871436148786, 201.8192832152418
265.62183412220844, 343.58334997392785
312.542102669965, 239.417481626009
255.49155334896116, 385.7046556573702
254.14532996434207, 393.2621747601762
251.98241083392023, 405.86414926883623
251.00278386789984, 413.706780917087
259.2512030256748, 364.9912291004686
248.17795466757602, 456.7526655943686
321.3648564775686, 224.18839892356777
249.6097174772255, 498.13675143534357
248.29608044092635, 435.00672471033215
293.5972141548126, 269.77382190382707
286.8905364715758, 283.1720746305392
247.97836302342617, 484.0929220540056
280.69913029080146, 296.31576323621863
298.1654129902492, 259.8009924981417
259.6157629278487, 357.23209508868104
246.90708708310126, 442.05715039487126
274.2144469751483, 310.1315025812007
246.39385209706336, 469.8271123211943
269.0922802182741, 323.1652189443914
299.49534320070813, 255.69944461942578
288.6909322162484, 275.9037413702159
254.40398371309482, 374.179999136518
282.15736937811545, 288.76842711533294
246.56085687151193, 491.98850291430756
246.74211882507745, 424.1724479834299
275.9089370877812, 302.4273541693089
249.4977017745306, 399.4022772084852
245.2920263248434, 477.27465918151154
303.8761705333054, 245.7286516015849
245.78896813672142, 431.3695029770548
326.99822118267434, 210.70053887551
322.79458224941175, 216.2500507904376
315.1123506330036, 227.03545108097788
263.8479146552005, 332.6798318895205
269.66661486810256, 315.2227980355721
243.44682409054013, 462.64838586086785
264.4813119310132, 328.3644497320583
252.76855622644624, 370.0479038760874
258.46505763314894, 346.28580973144545
309.5604517986974, 232.64402241418773
305.631760309729, 238.3320175654742
249.7950524636401, 380.76406280912255
242.25742237686504, 451.94444629759744
259.9782863135979, 338.43095923477847
248.13925824860073, 388.6800085905676
284.3060318508019, 276.1277586308825
244.9559797381402, 408.97594905054797
244.03134184387315, 416.90615111095116
290.6175997999697, 262.0941117101162
253.14940930278004, 359.98954044609417
328.028764708981, 202.97806193031954
254.80112996358858, 351.70905777977896
242.39795139503067, 498.04103547181296
296.83344626336543, 249.0461395893161
319.5950105647912, 213.54148186938642
315.42599449627323, 219.2702073843079
240.74826725064673, 437.1857989041287
311.1062668274664, 225.45104019625185
240.7767800447359, 483.0828090358585
285.6583653060763, 268.35640524933007
278.9822369333531, 281.6467226427468
239.7075406208356, 445.1506216432844
239.65051451127584, 472.3218469634991
268.50165291566736, 305.1888728237599
272.5953126626596, 295.09792510285865
292.13693855107414, 254.6587836982151
255.91721239354393, 341.15582030128365
274.7582317930814, 288.1554347516151
262.5485342766366, 318.21851641126136
243.22686623938105, 394.4413189177457
242.0354280092815, 402.0925175962378
257.48950369997743, 332.3967557319204
301.9169166012643, 235.6051195897757
239.0741438664045, 491.186115011373
246.60566336114252, 374.0007855365241
248.239053809985, 366.17037325803824
237.58331790938905, 457.56523647922353
239.06599675794297, 422.8670394379176
298.02488449346515, 241.00800219561748
264.2430243892695, 310.60601118721104
321.4381757612882, 205.75790911806914
238.20653208169736, 429.98263422562127
237.43464282552512, 475.79207394519864
250.22682105749686, 353.3688202282412
236.41835647833548, 465.312151642595
236.48760220782438, 442.76178594643056
258.4894973943888, 323.0613563867851
303.90264681097, 227.6341876870863
250.52213523018176, 345.3693768103329
234.8766144824156, 450.3315238976527
242.29611879584033, 379.78042439700084
240.68920462466252, 387.2564827725369
237.50999914705093, 408.13690355966753
271.94765925049313, 284.3838030790168
277.9313272000375, 271.0405359522004
236.38984316286488, 415.64758261395616
284.5259897019611, 257.82149630413335
289.8314544074437, 247.71222057128236
312.45656324493456, 211.97336260876565
265.0943429998168, 298.1832502785449
245.4468114793628, 359.1423488824868
308.0574062217528, 217.8039142934489
259.5791030252981, 311.4491299751292
233.2676637948132, 486.18238996915403
273.1126212029283, 276.99124233994394
232.99271635051883, 435.6156432556635
267.029157170618, 290.31210763642395
279.57286475734156, 263.1917951404158
236.6036909433685, 396.876994663117
286.16345370503427, 250.04607014689182
249.91521423203346, 334.8100301683039
260.4711545712451, 303.5515122056341
239.1352430088135, 376.7602678031306
231.26767640599053, 471.7658776302189
240.74826725064673, 368.7017654882888
294.92103481599804, 233.80076474142086
234.88272455307106, 401.16590169320517
254.90092552497285, 317.26135260516526
232.01308938449841, 494.35901059921156
231.92144041019407, 425.21310838329185
290.5015110644255, 239.79423788064398
313.71113765524944, 204.40973434242593
229.95811240254062, 457.039814527658
230.27582982004083, 478.82648629667824
250.48751184405572, 327.39710398673924
301.35480157136516, 220.37196359029664
243.2981490066762, 348.4343365435273
228.81351717849614, 464.76025508500396
228.8033340749916, 445.6210569522568
245.17390055149303, 340.56319390140635
234.6485100441766, 382.5236145181533
230.48153101346466, 410.9045318990009
227.71372792270077, 453.50441896414264
295.6297878919551, 226.28397600224986
233.19841754394267, 390.168703511763
238.2268988100879, 361.7877861309153
277.13296166620074, 256.7930547526876
264.3306003307246, 282.73829638816403
270.54237271850803, 269.2382174916901
258.25324636906976, 296.4420276241614
227.30639856870246, 431.29415193466735
228.1516071085943, 418.5883148684011
306.9189210683637, 206.84948286348634
238.87862577648536, 354.0714188706073
302.3242459552626, 212.6331944996522
253.48545588948338, 306.0360643873673
282.9903577766965, 242.78180966225761
225.77891375189955, 438.74577157067375
226.86240931215346, 499.94314319289174
259.4894910887999, 289.02706453340346
225.57932210774956, 485.2130073146417
265.46501245126444, 275.41905030363404
247.62398674613837, 320.00454272631777
271.70326163809415, 262.14095175863355
254.87444924730832, 299.445891551229
278.31218027637135, 249.00337283783657
225.5732120370941, 492.96806855074016
224.25957500079497, 474.35225598171394
232.02734552085218, 375.51391867590047
227.37768133599758, 403.703403608338
242.3042653829204, 333.48425670164846
233.35320269846193, 367.7731131974115
228.21677980523413, 396.02572980247186
288.7723980870481, 229.46909043850454
248.58528402157432, 312.3248325326068
284.4832202501366, 235.222254171607
243.3612851868914, 326.56620456858593
223.97648096942083, 424.16226500150964
222.14553591423459, 459.0926248548606
222.82984922895173, 431.6505427468106
221.4795522901019, 467.42809416376895
236.01713667361088, 346.93953193744954
294.87419180994283, 215.82441862078932
237.87252201141865, 339.51846020450654
221.08851611026358, 444.6496379099
290.6562962189449, 221.44113550537747
226.1292164749565, 388.6352054512435
221.46529563236652, 494.7031820415899
232.0802985975627, 357.048808712998
226.87870248631344, 381.3750182636471
222.52638846918674, 409.4199097534947
219.6363870936049, 452.28454444293806
258.3245286149833, 278.1642768126311
264.3244902600692, 265.315883212968
299.2122496907156, 205.75383634237997
219.65675330061413, 480.8182008177541
270.8804563430176, 251.64677317707182
220.97853692399318, 417.48248536537443
252.04554701413545, 291.648063563651
267.13506280265756, 258.03329419503524
231.55077043736483, 352.96558936758066
254.54858576410967, 283.7993227518665
245.85006727913026, 305.21127465409626
286.108464111899, 223.37990081440208
218.4571684834345, 437.83748472228825
260.1228878432312, 270.4479090309743
276.8009881123468, 238.04079533514698
218.53863435423415, 488.481618866011
222.1475724306592, 394.396515257073
221.52843181258174, 398.445113402389
239.83788601411507, 319.0168315385068
247.46512855876975, 297.80242124822075
272.5342135202508, 244.36011138344986
218.6445399862737, 419.8163354623326
225.71170401745366, 370.5977640458338
227.22085914367196, 362.67774444600224
281.34882074077416, 228.22070492342985
216.6934321199309, 472.9592770240492
236.02935681492178, 329.0405737683988
241.4223974618595, 311.1599441326466
216.79933775197048, 427.01950014083997
215.31054883276124, 458.4979615457901
215.08855446517757, 462.3612369275786
291.86402814458603, 209.1242735421623
262.77460219845113, 258.6442501709085
255.6829978846495, 272.78583242497035
215.2942556586014, 480.83245657536355
287.44654090943806, 214.91002208752144
249.9559471674332, 285.24117710319575
230.18010729150595, 342.2412848831671
268.35094079399704, 245.0606736379714
231.4265351147408, 334.0891024712905
213.6547551391035, 447.44170446741435
219.89504084235764, 384.01638221503777
216.78508161561672, 404.10663394765004
221.0722229361036, 376.56476205768274
234.0354794967546, 322.3546844473811
257.24306957115397, 264.1469220373187
213.73418449347852, 493.86413655070953
214.5325500273153, 412.1366252686217
273.9680128463247, 231.5524486687705
223.9031616857011, 355.9735271130348
250.353093417927, 277.18878447323635
263.0047431531147, 250.97064966207998
244.60160293947078, 290.74384949095463
293.15118890322066, 201.29793456071417
225.35936425659048, 348.44859230113667
212.00914454895025, 433.1657122740314
240.35723107080844, 299.89188916336906
238.7645735573657, 303.6635208359674
269.06376742418513, 237.04901085029832
210.75864369286631, 440.2039191101543
210.12117338420424, 467.9596252788681
210.82381638950613, 486.5652553873227
233.96216021303485, 314.23712323560585
215.29629269640748, 390.0078189664164
279.9516807958691, 217.8039142934489
213.66086520975892, 397.55108231161296
218.0600222329407, 369.7342803367725
209.22912183825719, 475.912228648259
275.0963148962092, 223.870702087215
210.56108908652254, 418.0180897775114
219.2331307724558, 362.01587616727124
228.1699367991789, 327.739239041273
208.53462542003552, 453.67548649140946
284.8314864567689, 207.30973623323587
229.7951806609413, 320.7193607384486
209.09877644497783, 425.4656366378287
207.3065272873851, 461.0823029880918
281.75818661119706, 210.2301030451889
224.74633370916848, 333.50869491982945
222.58952464940197, 340.9155114165117
249.70136645152968, 266.32395984327076
243.35110156200525, 279.7894180609921
255.50988303954563, 253.45723823165775
213.66493824260817, 375.33877837294443
212.25761571558007, 382.7822519362238
237.13729265779722, 293.2650592606337
205.75867574219154, 446.10167576449817
262.07806874242306, 239.48672350486282
208.90529487148314, 403.3653413294936
231.51614757262038, 307.2742674418704
217.2677667697594, 354.4990874281001
206.44502557333328, 496.4403319202843
218.2372106322754, 350.1002081555233
207.4327996478154, 411.03079576559503
244.89080704150038, 272.30317722488445
205.28413717512893, 435.19612077089755
285.2327062614934, 200.21654327586853
257.5424562553065, 245.75919950464828
238.56090835898502, 285.82158517600556
204.6527764157407, 481.8486792783931
250.48343881120647, 258.74200304363245
267.44463311169625, 226.48151813554227
204.4389286352371, 431.3654296800171
232.25952351332188, 299.3237004603241
203.1191815282825, 466.81102902436186
263.43651226835294, 231.76831933536147
221.14961525267242, 330.7960527017404
207.55296141620872, 392.66140176622326
203.55298715994533, 489.3410297993832
272.11262750851705, 216.41297224497748
210.76679027994638, 372.4265571123697
202.35543885919031, 455.9686062247327
212.11912373522065, 364.57374300354735
201.6548323703132, 474.74326747260966
225.46323337220545, 312.4816443022642
222.09258283752408, 322.5929574656572
215.38386863786246, 343.9906536102776
202.3269260651012, 417.48248536537443
278.1349918770366, 203.25910117872652
200.2739861209498, 459.8542829155089
273.54031676393566, 209.57638083918482
216.65066266810652, 336.1235842651945
200.13753065701482, 441.39935489182926
205.44095884607296, 386.24026006950714
203.34728596652164, 397.7608432933216
242.06597784117673, 265.03077118887194
201.97254926643177, 405.6055113294169
206.04787984422111, 377.8416590879762
235.7605194412829, 278.1113270792313
230.36340524011433, 291.32222065457125
247.8806039784665, 251.85246190443993
254.89888900854822, 238.41755106843334
198.76686751115594, 449.08517477042255
265.5322216643287, 219.72638745701954
231.68518886349355, 287.59131934560793
209.71384403020593, 357.44389297958276
225.3206678376152, 302.44160992691826
243.98449883781794, 257.4488138678849
237.6321974318689, 271.0751571523016
210.6669941971805, 349.80287676166233
198.67114498262092, 426.32301118335636
198.45118713146184, 495.3915249263466
249.48751867102607, 245.04438149251737
197.3045548696111, 480.8304201875188
260.19417061052627, 224.8380483538827
197.0520106701322, 434.2389569648014
256.1086569292324, 231.2754821960527
219.14555483100068, 315.3266605931785
201.80554449198337, 383.96750577867584
195.6121012734028, 469.89431729085493
213.81361384785373, 328.81248373204295
200.13956717343945, 390.8814851360493
203.4430084950567, 370.92157004572033
266.0332370304376, 211.60067965116852
197.10496374684286, 411.7272852444274
194.97055793189165, 477.4966400543337
195.35548404107467, 488.02136601761015
204.40634228691727, 363.13188813086936
194.1253493919998, 455.017552103519
261.6829595297355, 217.35995359050204
195.73633711740845, 419.4904925532527
271.01283825272156, 202.10643214853116
214.1883568535322, 322.69681950191494
241.3185283462444, 253.78104423154426
234.646473527752, 267.78821654628507
207.90937473130273, 342.82780211951075
209.68940374758455, 335.3924741076097
192.94409426540463, 462.6606047092841
228.25547622420927, 281.0337308003776
222.72190655910592, 294.9288944847851
253.65857125596884, 227.78285338401676
192.62434085286142, 440.495140819133
236.48352917497516, 259.7154584738339
195.8850122012724, 397.02566036004754
230.05383493107567, 273.4701025340379
216.70565226124165, 308.1357147630872
191.46956200393078, 447.8388256431925
194.5224956424936, 404.2919572325263
198.59782569890118, 376.631967548692
223.88890554934733, 286.97832750323875
212.76881366381187, 318.41198524751593
203.43486190797663, 352.41980249487216
248.60972378281423, 233.63376998984316
243.81749406336954, 241.04465978356325
217.68324271083762, 300.7003867511861
190.3677362317108, 483.2335116419821
191.24553059854085, 497.6031839323999
190.42679885769502, 433.0231557406347
213.55292306129473, 311.09070277514144
190.7730285479029, 425.1621955590853
206.70571635989225, 331.9772332471545
254.18809941616658, 220.25180888723634
193.37382686421824, 393.7387202753797
263.44669537185746, 204.46879323935948
194.3982603198694, 386.04679071190395
197.33510470150648, 366.14593503985725
187.96856607596976, 468.5420692181739
198.84018679487568, 358.17092984013
188.87894731250142, 491.3999492901195
189.87486745268183, 413.71492698981393
207.20062165534569, 324.21402593832903
258.4833873237334, 209.8411279421378
187.34738894146784, 453.5818069157234
189.76488878779318, 409.93107594745095
200.6914985784526, 346.14936340427977
186.99504918060467, 476.34397050278966
186.48181419456677, 458.2230319822655
187.03578211600455, 435.3671882981644
201.9236697439521, 338.2354534893306
221.03352651712845, 280.0867499762017
226.79927365332003, 265.73540621908256
245.93357018773614, 226.8114343416599
185.41664780351584, 442.8106623827926
216.18630720454846, 290.11456550313153
191.500111835826, 379.2081629182667
185.45330770606637, 488.46736310840157
188.3310894617191, 399.6140750993871
192.5530580855663, 371.9907424821498
228.48154362464217, 259.04748051022034
210.31669147412356, 303.6553747632404
236.59350783986397, 241.86944951683424
241.47942357141923, 232.444443371702
222.21274512729886, 272.33168874010323
232.80941788052883, 248.72029668023637
194.34123368892804, 359.4111698038263
185.17021367469226, 420.3315744319778
212.28205547681998, 296.3198360119078
195.7994732976235, 351.8190300222678
251.94778796917595, 212.7390934451031
183.73641434861815, 428.36971182567646
182.37186075203297, 463.3061813639098
183.75067048497192, 496.30795836880776
204.03770935189408, 316.8825604840343
182.2272592223997, 481.36398769046275
246.52827052319208, 218.6185215661483
205.46132557446364, 309.6407018297365
198.85036989838022, 330.9956312228774
190.4695683095194, 365.73863140350755
185.53681009329065, 392.6003064814451
186.57957323952644, 385.29327924533135
214.07634115083715, 283.78303060641247
180.82808276107022, 449.01186011587976
183.74048738146723, 405.6197670870264
182.74253072486223, 413.05305818973414
180.59794180640648, 471.33006247865046
199.9297924257849, 323.191693550417
252.60358796842232, 205.33838663330326
207.96436432443787, 296.46239254530457
193.57138147056202, 343.9580693193697
234.1495317158741, 235.3770295534199
194.4532493916229, 337.3454951742436
225.38380401783039, 251.64270040138265
214.80953398803413, 275.2785306794306
218.97855005655228, 265.0572457948975
209.08044675439322, 289.00262631522247
240.15152987738475, 221.70588312967914
229.59355302174845, 241.36235661991603
184.33315172188034, 378.25507240920837
181.1172863417182, 398.60192517204655
190.27608725740646, 346.8438159739189
188.46958144207866, 354.40337146456943
184.9197059916378, 370.66496901549436
202.63853289056445, 302.29294422998777
220.38790962138646, 257.63617354060574
198.85647996903552, 312.10285218113336
245.49569100184263, 208.25060737252932
234.1495317158741, 228.04149132343602
196.95628866297878, 316.1473770294116
240.15152987738475, 215.3723118451155
184.13559711553657, 361.07093173093983
192.6711838589165, 326.1690833928077
180.54702524612057, 380.0757194030173
206.5712979337637, 281.7180009094451
222.2188546765727, 244.7124288985552
211.64254813035183, 267.78414377059596
186.88303347790978, 340.19865701653623
201.81980062833713, 291.47699603638415
227.95608901867513, 230.97611389299848
207.4755690996399, 274.38449906730574
213.46534711983978, 260.2755011041519
187.83822068269026, 332.49858190168214
217.82580772404626, 250.4839216863049
203.26785661214646, 283.8359798184636
195.42269325413895, 305.6348704359
223.47139257046285, 237.4298398806224
242.80528074902898, 201.75615102127043
197.0621937736369, 298.1078992361574
233.560940929692, 217.35791668130878
208.97454112235366, 266.1162352494067
189.6976790533473, 319.33860115054875
180.79142285851955, 353.05112339188827
182.11931655255407, 345.81130112543514
237.83382559244336, 207.5215341241377
228.87054328805587, 222.86262545691227
190.5551077345499, 311.5102252599074
184.05209472831214, 333.58200957437236
184.83416708798893, 325.38909679886086
210.70569061615564, 253.76067931040117
215.98060601112476, 239.68019286246607
199.13957400040982, 277.718279200491
194.1314594626551, 290.16344193949345
220.3471766859867, 229.68292471725098
231.1190013221266, 209.83501877860405
211.60792526560738, 245.95063195305838
188.25573366157474, 304.26633021776496
201.1395608678507, 269.0508578189692
205.42873922614365, 258.83975591635635
189.80358520676833, 297.72299743014406
195.1823691959708, 282.51427964884596
226.11292330079667, 215.80812647533534
221.74024307666087, 222.35145926295624
183.09079745287616, 314.67904755070805
183.94415205846647, 310.276095502442
232.25137692624196, 202.07995754250564
213.65882869333433, 233.10223887474393
187.13557767738868, 293.7232757211899
198.67725505327635, 261.8171452373984
219.08445568859187, 219.1622720510124
193.8992814701853, 271.9427136370521
203.91958357854375, 247.81608260754
208.25560442151047, 238.23833746843943
187.94208979830537, 285.243214012389
214.41442425396497, 225.00096980842258
182.33927440371315, 299.3094452240634
193.9237212314252, 267.94299192809797
199.860546696296, 254.02135363766496
224.52026578735394, 205.01254372422352
209.97657133318953, 230.62379637789317
220.25145415745166, 211.33389616037098
188.75063843564655, 277.6001608852752
182.46758328056802, 291.721378218194
224.26772158787503, 201.04540630617734
201.57744005374437, 240.8450807410776
211.42462731699882, 218.18270641457983
192.44715245352674, 257.05169269210677
196.99294804414782, 246.6532311167731
186.37183500829636, 270.3766312856246
202.6466794776445, 233.27941608689324
180.5103658649515, 284.42860673968954
217.17611779545504, 203.79470559086351
206.40021960508446, 223.24549087508103
187.3881218768676, 263.24474435246697
182.0052643334344, 276.49840467928647
212.3940706581334, 210.24028602710916
189.63454339451368, 250.04199737120265
195.69560418200868, 236.03278866861731
199.7444579607519, 226.07625140838584
181.07655340631828, 265.4462203765999
184.83213005018283, 255.941790413391
190.6243534640388, 242.67591071680667
205.16397488535412, 213.00180416021155
195.0520238026913, 232.07990648683185
200.4206246883891, 218.72034721456143
206.41447574143805, 205.35264239091268
183.45943038789935, 244.97717652285687
187.47569781832271, 235.1835607171653
201.82998425322327, 206.49309257269186
192.97871713014908, 221.61016664479973
197.762800262514, 211.57420504514297
188.5021677903985, 227.80525521435317
181.0011976061741, 238.8105994685223
190.6019507406051, 214.90798517832818
181.73235392694644, 229.91508805064464
186.07652135699308, 220.38825573575062
196.16199616199137, 200.67475973642476
191.89522104851355, 207.27918833017245
184.88915615974258, 209.37883870589238
181.1111762710629, 203.15931191815798
